47|1.0176261090371528|-0.00938781894370111|2|2|24|5|1|0|3|7|2|15|9|3|0|6|-1|0|0|-1|0|0|-1|1|0|1|0|0|0|0|3|4|1.0
43|1.1371975566653874|-0.003266608492033196|4|0|18|7|4|0|1|7|2|25|7|3|0|2|-2|-2|2|2|0|-1|0|-1|0|1|0|1|0|1|3|3|-0.875
63|1.0065748184503664|-1.0604545887704653E-4|0|0|2|0|0|0|0|0|0|1|2|0|0|0|0|0|-2|0|-3|0|-2|0|0|-2|-1|0|0|0|3|3|0.0
24|1.248499584952402|0.0072049555400302|18|3|14|3|0|4|2|14|1|20|2|0|0|0|5|3|-5|1|0|4|2|-5|-2|7|-1|0|-4|-2|2|2|-0.625
44|1.0470697229969426|-0.010727518264419533|7|1|23|4|3|2|3|6|1|25|7|1|0|2|1|0|-3|-4|2|2|1|-2|0|3|3|-2|-2|-1|3|3|-0.875
23|1.2275367596536457|-0.010342579984256695|13|1|19|1|1|1|2|14|1|19|2|1|3|0|-1|0|0|0|0|0|0|0|0|1|0|1|0|0|3|3|-0.875
59|1.0549600116460895|-9.475864076911034E-4|0|0|12|2|1|0|0|0|1|13|2|2|0|3|0|0|0|-1|-1|0|0|-1|0|-3|0|1|0|1|3|3|-0.875
18|1.7395018168054124|0.1097676152152105|10|1|19|0|0|0|0|7|2|18|1|0|0|0|2|0|3|-1|0|0|0|-3|1|-1|1|0|0|0|2|2|-0.125
7|3.0152163084104093|-0.16065222239700283|4|0|6|1|0|1|0|11|0|3|1|0|0|0|0|0|0|0|0|0|0|4|0|0|0|0|0|0|2|2|0.0
18|1.7720455077846848|-0.0697799453033987|17|0|10|1|0|1|0|13|1|14|1|0|2|1|7|-1|-3|0|0|0|-1|-5|1|5|0|0|1|1|3|2|-0.75
25|1.3085910656847546|0.00440093736201419|12|1|25|1|0|1|3|9|3|17|6|0|0|1|-1|0|1|0|0|0|0|-1|2|1|0|0|0|1|3|2|-0.875
63|1.0065748184503664|-1.0604545887704653E-4|0|0|0|2|0|0|0|0|0|2|0|0|0|0|0|0|-2|0|-1|0|-1|0|-1|-3|-1|0|0|-2|3|4|1.0
46|1.1333818024806837|-0.0029640400551262935|7|0|19|12|2|1|5|6|3|19|8|2|0|5|0|-3|-2|6|0|0|1|-1|2|0|-3|0|-1|0|3|3|-0.875
51|1.0439733468062606|-8.794669361251728E-4|5|1|25|6|1|0|1|5|0|15|8|1|0|2|0|0|-2|-1|0|0|0|1|0|-1|0|0|0|0|3|3|-0.875
58|1.0142832262887274|-2.5058291734603166E-4|0|1|6|7|3|0|4|1|0|7|3|4|0|3|-1|1|-2|4|-1|0|1|1|-1|-1|-5|1|0|-1|3|3|-1.0
12|1.590354995006922|-0.09072689525095656|12|2|4|2|0|2|0|9|0|12|0|0|0|0|4|2|-6|2|0|2|0|-3|-3|8|-1|0|-2|0|2|1|-0.25
11|2.2638524881802278|-0.0027784510680439745|5|0|10|1|0|0|0|9|2|8|0|0|0|0|0|0|0|0|0|0|0|-1|1|2|0|0|0|0|2|2|0.125
36|1.327749718700648|-0.0211989508878212|11|3|17|5|0|0|2|8|3|17|7|2|0|3|1|0|1|0|-2|0|-1|-3|0|-2|2|2|0|1|3|3|-0.875
41|1.1337873505911842|-0.003344683764779699|9|3|19|9|0|0|4|10|1|26|6|1|1|2|-1|0|-1|0|0|0|0|0|0|2|0|0|0|0|2|3|-0.875
43|1.07142018167129|-0.0017004805159832603|6|1|23|3|2|0|4|2|1|24|7|2|0|3|0|0|-1|0|0|0|0|-1|0|-2|2|1|0|0|3|3|-0.875
53|1.0703381521010915|-0.00931830220142671|2|1|16|3|4|0|2|2|1|18|5|2|0|7|0|0|-1|-1|1|0|0|0|0|1|0|0|0|-1|3|4|1.0
62|1.0|0.0|0|0|6|2|1|0|2|0|0|5|1|0|0|0|0|0|0|0|1|0|2|0|0|-5|-3|-1|0|-3|3|3|-1.0
63|1.0065748184503664|-1.0604545887704653E-4|0|0|2|2|0|0|2|0|0|3|0|1|0|1|0|0|-4|-1|0|0|0|0|0|0|-1|0|0|0|3|3|-1.0
39|1.1512691009387606|-0.010193081011540706|9|1|21|7|1|2|1|3|1|29|10|1|0|2|-1|0|0|0|0|0|0|-1|0|2|1|0|0|0|3|3|-0.875
15|1.7037597263388429|0.009847109044638147|14|0|13|0|0|1|0|14|1|12|0|0|1|0|0|0|0|0|0|0|0|4|0|0|0|0|0|0|1|2|0.0
28|1.2188925073032844|-0.027069949170325458|8|3|22|3|0|1|0|12|1|19|4|1|0|1|-3|2|2|0|-1|1|-1|4|-3|-4|2|1|-1|0|2|4|1.0
5|5.109087034923515|-0.622342611315279|6|1|0|0|0|0|0|3|0|9|0|0|0|0|0|0|0|0|0|0|0|1|0|3|0|0|0|0|2|1|-0.125
40|1.0207106781186546|-0.03222509373380644|9|2|20|5|1|1|0|6|0|23|6|1|0|0|2|2|-1|-1|0|1|0|-6|-2|5|1|0|-1|0|3|3|-0.75
4|4.038843615231785|0.14443077992259834|6|1|0|0|0|0|0|8|0|0|0|0|0|0|2|1|0|0|0|0|0|2|-1|0|0|0|0|0|2|1|-0.125
13|1.5989111118449495|-0.32012931658035293|11|0|8|0|0|0|0|15|0|10|1|0|0|0|-1|0|0|0|0|0|0|2|0|2|0|0|0|0|2|2|0.0
62|1.0428524878950383|-7.024998015578987E-4|0|0|6|3|0|0|2|0|0|1|2|1|0|0|0|0|1|1|-1|0|2|0|0|-8|-2|1|0|-2|3|3|-0.875
62|1.013361727818487|-0.007009430986747223|0|0|2|1|2|0|3|0|0|4|3|1|0|3|0|0|-3|-4|1|0|0|0|0|-2|2|-2|0|-1|3|3|-0.875
53|1.0657600259290294|-0.0012646158832505527|3|0|13|6|5|0|6|1|2|12|6|1|0|2|-1|0|1|0|0|0|0|-1|0|-2|1|-1|0|-1|3|4|1.0
1|0.0|NaN|0|0|0|0|0|0|0|1|0|3|0|0|0|0|0|0|0|0|0|0|0|1|0|3|0|0|0|0|0|1|0.0
13|1.8565817626239582|-0.0077208116769789115|11|0|8|1|0|0|0|12|3|7|1|0|0|1|0|0|0|0|0|0|0|0|2|0|0|0|0|1|2|2|0.25
33|1.1482703705149142|-0.00463344907859109|6|4|23|6|1|0|3|9|2|24|4|0|2|1|-1|0|1|0|0|0|0|-1|2|-1|0|0|0|0|3|2|-0.875
44|1.1074527741217692|-0.016121842133690167|4|2|26|5|1|0|1|10|0|21|5|2|2|4|-6|2|3|1|-1|-2|-3|6|-2|-6|-1|1|2|2|3|3|-0.875
58|1.021424839433091|-3.758743760191585E-4|1|0|11|5|1|0|3|2|0|12|5|1|0|4|-1|0|-2|-2|0|0|-2|1|0|-1|-1|0|0|1|3|4|1.0
60|1.0511844635310912|-8.675332801879598E-4|0|0|9|3|1|0|1|0|0|6|2|2|0|0|0|0|1|1|-1|0|1|0|0|-6|-1|0|0|-1|3|3|-0.875
56|1.0295866830266496|-5.379396913935963E-4|1|0|17|6|2|0|3|3|0|12|5|2|0|6|-2|0|2|2|0|0|-1|0|0|-3|-2|-1|0|1|3|3|-0.875
17|1.7850863383424054|-0.11156789614640039|21|2|4|1|0|2|1|15|0|11|1|2|2|0|-1|0|0|0|0|0|0|1|0|1|1|0|1|0|2|3|-0.5
16|2.3974787425024053|0.05098659451106524|17|2|5|3|0|1|2|4|2|21|0|0|0|1|12|1|-13|3|0|1|1|-13|0|16|-3|0|-1|-1|2|2|-0.625
19|1.2360674407493986|0.009897006756871995|8|1|21|0|0|0|0|9|2|16|0|0|0|2|-1|0|1|0|0|0|0|3|0|1|0|0|0|1|2|3|0.5
42|1.1741359166424943|-0.028637461381524343|8|2|26|7|2|0|5|8|0|24|5|2|0|1|0|1|4|2|0|0|5|-1|-3|-2|-1|1|0|-5|3|3|-0.875
40|1.0871320343559643|-0.012855015300745176|6|2|37|2|2|0|5|12|0|24|5|1|2|2|-7|2|14|-2|1|-2|3|6|-2|-13|2|-1|2|-3|3|3|-0.875
23|1.3847973720100142|0.001337099561958155|11|2|18|2|0|2|1|16|4|14|2|0|2|0|-1|0|1|0|0|0|0|1|1|-1|0|0|1|0|2|2|-0.5
47|1.1531927237522854|0.005674366056974023|4|2|14|11|1|0|4|5|0|22|8|1|0|5|0|0|0|-1|0|0|0|-1|0|0|0|1|0|0|3|3|-0.875
41|1.153832580228421|-0.014201153565037705|7|2|30|4|0|1|3|11|1|21|4|2|1|1|0|0|-1|-1|0|0|0|0|0|0|-1|0|0|0|3|3|-0.875
24|1.2702200572599407|-0.08069593456029756|12|1|21|0|1|0|0|16|0|23|1|0|3|0|-3|1|-2|-1|1|-3|0|3|-1|1|1|-1|3|0|3|2|-0.625
16|1.4628073967054789|-0.31654604549943466|9|1|15|2|0|0|0|14|1|12|0|0|2|0|-5|0|7|2|0|-2|0|5|-1|-3|-1|0|2|0|2|2|-0.125
1|0.0|NaN|0|0|0|0|0|0|0|4|0|0|0|0|0|0|0|0|0|0|0|0|0|4|0|0|0|0|0|0|0|1|0.0
42|1.2395660142090486|0.004259696296684101|8|0|31|6|1|1|2|1|2|25|7|5|0|6|5|-2|5|-2|-1|1|-3|-8|2|-5|1|4|-1|4|3|3|-0.875
37|1.1164090753882505|-0.0032335854274514464|10|0|11|8|1|1|4|9|0|26|3|1|1|2|0|0|-3|0|0|0|0|1|0|3|0|0|1|0|3|3|-0.875
14|1.7203042814345046|-0.1910951003026704|12|1|9|1|0|2|1|10|0|12|0|0|1|0|5|1|-2|1|0|2|1|-2|-1|2|-1|0|-1|-1|2|1|-0.25
12|1.344082517040997|-0.2130984106400906|11|0|11|1|0|1|1|10|0|13|0|0|1|0|4|0|-1|1|0|0|1|-2|0|3|-1|0|0|-1|2|1|-0.375
38|1.1289340772792542|-0.003484704791331117|11|0|19|7|1|1|5|7|1|24|3|1|0|3|3|-1|-6|5|0|1|3|-4|0|3|-3|0|-1|-2|3|3|-0.875
32|1.2250018130111697|0.03261503756414896|11|1|23|4|1|0|2|13|5|15|4|1|0|3|-1|-3|7|1|0|0|0|2|4|-8|0|0|0|1|3|3|-0.75
40|1.138744411912114|-0.014178409597056518|5|2|30|4|2|0|4|8|3|20|7|1|0|2|-4|-1|12|-2|1|0|2|2|1|-10|3|-1|0|-2|3|3|-0.875
6|2.7617944285953464|0.2722622394044625|8|0|3|0|0|0|0|6|0|5|0|0|0|0|3|0|1|0|0|0|0|-2|0|2|0|0|0|0|1|1|0.0
47|1.065341868337563|-0.001420475398642873|1|2|22|10|2|0|5|4|1|28|4|3|1|1|0|0|0|-1|0|0|0|-1|0|-1|0|1|0|0|3|3|-0.875
34|1.2737392879225078|-0.02084705606956372|13|2|21|4|0|3|0|11|4|13|6|2|1|2|2|-1|7|-1|-2|2|-2|-3|2|-8|2|2|-2|2|2|3|0.625
33|1.1984780750449862|-0.019146613669315027|9|3|24|5|0|0|3|11|2|21|5|1|2|2|-2|0|1|0|0|-1|0|0|0|0|-2|0|0|0|2|4|1.0
46|1.0577577010759214|-0.010488250298867019|5|1|18|11|2|0|7|4|3|22|8|1|0|4|1|-2|-3|4|1|0|3|-1|1|4|-2|-1|0|-3|3|3|-0.875
50|1.0248528137423856|-0.008960538288071085|3|1|15|8|3|0|1|2|0|18|10|5|0|5|0|1|-4|-3|-1|0|-4|-2|-1|3|1|2|0|4|3|3|-0.875
12|1.6928090415820636|-0.0777351547045857|13|1|7|0|0|1|0|14|0|7|0|0|0|0|3|1|0|0|0|1|0|1|-1|0|0|0|-1|0|2|2|-0.25
51|1.096068528168856|-0.001921370563377156|3|1|20|3|2|0|1|1|0|17|5|6|0|3|0|0|-1|-2|0|0|0|0|-1|2|-1|2|0|1|3|3|-0.875
28|1.6366134434442843|0.022202019779833382|12|2|14|8|1|1|3|11|4|15|3|2|1|3|0|-1|2|5|-1|0|2|-1|2|1|-5|1|0|0|3|3|-0.875
17|1.2181296430881983|-0.03952145034133081|11|2|12|1|0|0|0|12|1|15|0|0|1|0|0|-1|-1|1|0|0|0|2|0|2|0|0|0|0|2|2|-0.125
55|1.0301246227180434|-5.578633836673674E-4|0|0|12|8|1|0|6|1|3|20|3|1|0|6|-1|0|0|0|0|0|0|0|0|-1|-1|0|0|0|3|3|-0.875
11|1.909950467544576|0.009004953245542291|7|1|5|2|0|0|0|15|0|9|0|0|0|0|0|0|0|0|0|0|0|4|0|0|0|0|0|0|2|1|-0.125
45|1.1455505883663233|0.006105976681971992|3|5|21|5|3|0|4|3|1|23|10|1|0|4|-1|0|-1|0|0|0|0|1|0|0|1|0|0|1|3|3|-0.875
