50|1.0531370849898476|-0.0010844303059154292|3|0|18|9|4|0|4|2|1|24|9|1|0|4|2|-1|-5|0|3|0|1|-2|1|6|-1|-3|0|0|3|3|-0.875
33|1.314092672181568|-0.02275956982983307|9|4|21|3|1|1|4|10|1|25|2|0|2|2|-3|0|3|0|0|-1|0|-1|1|0|1|0|0|1|3|3|-0.875
34|1.1632287198966045|-0.0352493551483819|6|0|29|6|2|0|2|6|3|23|3|1|0|1|-2|-3|7|5|1|0|2|-1|3|-6|-3|-1|0|-1|3|3|-0.875
53|1.0312614009338186|-6.011807871888486E-4|2|0|18|5|4|1|5|3|0|22|3|1|0|1|0|-1|-2|1|0|0|0|0|0|-1|-1|0|0|0|3|3|-0.875
41|1.0909249283258011|-0.0022731232081449892|8|1|20|3|1|1|2|5|1|25|5|0|0|3|-1|0|0|0|0|0|0|-1|0|-2|1|0|0|0|3|3|-0.875
58|1.0814025750299716|-0.0014281153514030809|1|0|10|1|2|0|3|0|1|6|8|2|0|4|1|-1|3|-10|1|0|-3|-2|1|-5|7|0|-1|1|3|4|1.0
33|1.0857099128710967|-0.015622608601381094|12|2|23|2|0|1|1|17|0|13|7|0|2|1|-1|0|0|-1|0|0|0|1|0|0|1|0|0|0|2|3|-0.875
27|1.375634652730776|0.014934514221901063|13|3|10|6|0|1|1|11|3|19|4|0|3|1|0|0|0|0|0|0|0|1|0|3|0|0|0|0|2|3|-0.75
31|1.3115114274029802|-0.10444552808432239|10|0|15|4|3|0|0|12|3|19|5|2|2|2|-2|0|1|0|0|0|0|0|0|2|0|0|0|0|3|3|-0.875
10|1.6478708664619077|-0.2751442212453439|13|0|4|0|0|2|0|7|1|9|0|0|0|0|9|-1|-4|0|0|2|0|-7|1|6|0|0|-2|0|1|2|-0.125
55|1.0632492484476193|-0.0011712823786595994|3|0|16|4|0|0|1|1|0|17|10|2|0|8|0|0|-1|-1|0|0|0|-2|0|-1|2|-1|0|2|3|4|1.0
23|1.566170105716701|0.019719540649240086|15|2|12|3|0|0|0|19|4|9|2|1|1|1|0|0|0|0|0|0|0|3|0|-1|1|0|1|0|2|3|0.5
63|1.0|-0.006680863909243495|0|0|1|2|0|0|0|0|0|4|1|0|0|1|0|0|-1|-1|0|0|0|0|0|-1|0|0|0|0|3|3|0.0
58|1.021424839433091|-3.758743760191585E-4|0|0|12|3|3|0|3|1|0|12|4|3|0|3|-1|0|0|-3|0|0|0|1|0|-2|0|0|0|0|3|3|-0.875
41|1.0606166188838675|-0.0015154154720966595|8|4|18|6|3|1|6|4|2|28|6|1|0|2|0|0|-1|-1|0|0|0|-1|0|1|1|0|0|0|3|3|-0.875
29|1.4039578152454781|0.021287220884090186|12|3|12|4|1|1|1|15|2|15|3|1|1|1|0|0|0|0|0|0|0|3|0|0|-1|1|0|0|3|3|-0.875
12|1.7947192547704633|-0.10990298337668736|11|0|8|0|0|1|0|13|1|8|0|0|0|0|-1|0|1|0|0|1|0|2|1|-1|0|0|-1|0|1|2|-0.125
12|2.2640433233471775|-0.13051056350918033|12|1|9|0|0|1|0|12|0|9|1|0|1|0|2|1|0|0|0|1|0|-1|-1|1|1|0|0|0|2|2|-0.25
14|2.3199191851802845|-0.07769699156531429|16|1|9|0|0|1|0|10|1|9|2|0|2|0|5|1|2|-2|0|-1|0|-6|0|0|2|0|1|0|2|2|-0.125
18|1.3667292310828634|-0.09428218874015615|18|0|11|1|0|0|0|15|0|13|1|0|3|0|4|-1|0|0|0|-2|0|-5|0|4|0|0|3|0|2|3|0.25
34|1.369885706586504|0.0013432683571694692|8|5|22|2|2|0|2|9|2|19|9|1|2|4|-3|5|3|-6|1|-2|2|1|-3|-4|7|-1|2|2|3|3|-0.875
26|1.2938840894149022|-0.011755363576596123|12|0|22|1|1|0|1|13|1|15|5|1|2|0|-1|-1|5|-2|0|-2|1|0|1|-7|4|0|2|-1|3|3|-0.75
16|1.591838340595853|-0.1727892227063903|7|0|17|0|0|0|0|11|1|16|1|0|0|0|-4|-1|4|-1|0|0|0|4|1|-3|1|0|0|0|1|2|0.0
28|1.3199077617585055|-0.057628731083640305|8|3|20|4|1|0|4|12|3|15|4|0|2|3|-3|0|7|0|1|-1|1|4|0|-5|0|-2|2|-1|3|3|-0.875
1|0.0|NaN|0|0|0|0|0|0|0|4|0|0|0|0|0|0|0|0|0|0|0|0|0|4|0|0|0|0|0|0|0|1|0.0
48|1.055351130197758|-0.009990738139805222|3|2|23|7|1|0|2|4|3|19|6|0|0|3|-1|-1|6|1|0|0|-2|1|1|-5|-2|-2|0|1|3|4|1.0
12|1.7464514441031793|-0.1049174815324343|5|2|11|0|0|1|0|13|0|9|0|0|1|0|-7|2|4|0|0|0|0|7|-2|-1|0|0|0|0|3|1|-0.5
20|1.3242640687119285|-0.14717894861639524|8|1|17|2|0|0|0|12|1|7|2|2|0|0|-4|0|10|0|-2|0|0|3|-1|-9|1|2|0|0|2|3|0.25
30|1.3595281484661446|0.022085236259788088|13|1|20|8|0|1|1|19|1|14|7|0|2|2|-4|-1|5|2|0|-1|0|6|0|-6|-1|0|1|1|2|3|-0.375
57|1.039344573458233|-7.025816688970288E-4|0|0|11|7|2|0|5|1|0|16|3|2|0|1|0|0|-2|0|-2|0|-1|0|0|-1|0|-1|0|0|3|4|1.0
20|2.0730059117224107|-0.016267046801168306|16|2|13|2|0|1|0|14|2|11|1|2|0|0|3|0|3|1|-2|1|0|-2|0|-2|-1|2|-1|0|2|3|0.125
40|1.137132034355964|0.007104654564541679|8|2|25|3|1|1|3|4|2|28|6|1|0|3|6|0|-4|-3|0|1|1|-4|0|3|2|0|-1|0|3|3|-0.875
40|1.1266123775561494|-0.013867331793057769|10|0|19|8|3|1|4|3|3|22|8|3|0|6|7|-3|-3|0|0|1|-2|-8|2|3|1|0|-1|2|3|3|-0.875
47|1.0264391635557295|-0.02744580741425051|8|0|26|5|0|2|3|3|1|17|4|3|0|2|-2|0|0|-1|0|0|-1|0|0|0|-2|1|0|0|3|3|-0.875
23|1.5344029506374062|0.07399430497868065|15|0|18|4|0|1|0|16|2|14|2|0|2|0|0|0|0|0|0|0|0|1|0|2|0|0|0|0|2|2|-0.25
1|0.0|NaN|0|0|0|0|0|0|0|4|0|0|0|0|0|0|0|0|0|0|0|0|0|4|0|0|0|0|0|0|0|1|0.0
20|1.4438527151143623|-0.08841687855863944|6|2|19|0|0|0|1|9|2|24|1|0|0|0|-4|0|-2|0|0|0|1|2|0|6|1|0|0|-1|2|2|-0.25
53|1.034498624995211|-6.634350960619262E-4|1|1|23|2|1|0|2|3|1|12|5|3|0|3|0|0|-2|0|0|0|0|0|-1|-1|1|1|0|0|3|3|-0.875
10|1.4255832815336875|-0.11310471430889857|14|0|4|0|0|1|0|8|1|8|0|0|0|0|6|0|-2|0|0|1|0|-6|1|2|0|0|-1|0|1|2|-0.125
57|1.0320776688551963|-5.728155152713299E-4|0|1|11|3|0|0|3|1|2|7|4|2|0|2|0|0|-2|0|0|0|0|-1|0|-3|0|0|0|0|3|4|1.0
59|1.0590725656650604|0.0061231206328971055|0|0|11|3|1|0|2|1|0|12|3|0|0|0|0|0|-2|0|0|0|0|0|0|-1|-2|-2|0|-2|3|4|1.0
45|1.0865093828220482|-0.001966122336864773|4|0|21|7|1|0|2|10|2|22|8|1|1|4|-1|0|1|0|0|0|0|0|0|1|1|0|0|0|3|3|-0.875
49|1.0999896925839114|0.018750214737835114|1|2|12|8|3|0|6|4|1|22|10|2|0|6|0|0|0|0|0|0|0|-1|0|0|1|0|0|0|3|3|-0.875
8|2.674793204708521|0.04645811361306773|7|0|9|0|0|0|0|6|0|8|0|0|0|0|5|0|1|0|0|0|0|-1|0|-1|0|0|0|0|1|1|0.0
50|1.0978584445398434|-0.010450449120672056|1|0|21|7|4|0|4|4|1|23|4|2|0|3|-5|-1|-2|4|3|0|1|2|1|1|-3|-3|0|-2|3|3|-0.875
33|1.4956291808153428|0.05208276497978215|11|2|23|4|0|1|4|9|2|21|7|1|0|3|0|0|0|0|0|0|0|-2|0|0|1|-1|0|1|3|4|1.0
46|1.1065107594915577|-0.0023669057664792437|5|0|21|8|2|0|1|7|3|24|3|1|0|3|-1|-3|-3|5|1|0|-1|2|3|3|-6|-2|0|2|3|3|-0.875
61|1.0067903862684113|-0.007016732477358456|1|0|3|3|2|0|1|0|0|7|1|1|0|0|0|0|-1|-1|0|0|0|0|0|-2|0|0|0|0|3|3|-0.875
31|1.3878036268220686|0.020406545772597706|9|3|21|3|1|0|1|15|2|17|5|0|4|1|0|0|0|0|0|0|0|-1|1|1|0|0|0|0|3|2|-0.875
25|1.242842712474619|0.03154822031355753|12|0|18|3|0|0|2|19|1|18|3|1|2|1|0|0|0|0|0|0|0|0|0|2|1|0|0|0|2|3|-0.875
50|1.086274169979695|0.006692640661089655|3|1|15|8|0|1|4|4|1|19|5|3|0|4|-1|-1|-4|4|-2|1|1|1|0|3|-3|3|-1|0|3|3|-0.875
8|1.9790405047347939|0.16903387934765535|9|0|3|1|0|0|0|8|0|8|0|0|0|0|2|0|-2|1|0|0|0|-1|0|5|-1|0|0|0|2|1|-0.125
18|1.4483926562147489|-0.060834064343626704|12|0|11|3|0|0|0|12|0|17|2|0|1|0|-1|0|-5|3|0|-1|0|-1|0|5|-1|0|1|0|2|2|-0.125
31|1.2454096409390656|-0.04151365469796886|14|1|19|2|1|3|0|12|1|19|7|1|1|2|-2|0|2|0|0|0|0|1|0|1|1|0|1|0|3|3|-0.625
57|1.0363345230151837|0.006747839988533899|0|0|16|4|3|0|3|1|1|11|6|1|0|0|0|0|-2|0|0|0|0|1|0|0|-1|-1|0|-2|3|4|1.0
35|1.2725851788971176|-0.008017211144033087|14|3|11|6|0|1|3|8|3|11|5|4|0|1|-1|0|0|0|0|-1|0|-1|-1|1|1|-1|0|-2|3|4|1.0
1|0.0|NaN|0|0|0|0|0|0|0|4|0|0|0|0|0|0|0|0|0|0|0|0|0|4|0|0|0|0|0|0|0|1|0.0
1|0.0|NaN|0|0|0|0|0|0|0|1|0|3|0|0|0|0|0|0|0|0|0|0|0|1|0|3|0|0|0|0|0|1|0.0
57|1.0568884331073558|-0.001015864876917183|1|1|13|6|2|0|2|1|0|9|7|1|0|1|0|0|-2|-1|0|0|0|0|0|-1|0|0|0|0|3|3|-0.875
52|1.035162060091273|-6.894521586522373E-4|1|1|19|4|3|0|3|2|1|18|6|1|0|4|-2|0|-1|-1|2|0|0|0|0|-2|2|-2|0|1|3|3|-0.875
6|2.6871842709362768|-1.0785011540129616|5|0|7|0|0|0|0|4|0|7|0|0|0|0|4|0|1|0|0|0|0|-2|0|1|0|0|0|0|1|1|0.0
41|1.1194998765027233|-0.002987496912568277|5|3|23|5|0|0|4|9|0|22|6|0|0|1|-1|-1|1|1|0|0|-1|0|-1|-2|0|0|0|-3|3|4|1.0
7|4.6456560333344665|-1.1101611339758275|6|0|6|0|0|0|0|8|1|6|0|0|0|0|0|0|0|0|0|0|0|4|0|0|0|0|0|0|1|2|0.125
54|1.0645422476710846|-0.009033128491399589|2|1|18|7|0|0|6|1|2|12|5|0|0|1|1|-1|4|2|0|0|5|-2|1|-10|-2|0|0|-5|3|3|-0.875
52|1.0398282271512589|-7.809456304168627E-4|0|1|15|8|2|0|4|3|1|15|8|1|0|3|-3|0|-2|0|1|0|1|2|0|-4|0|-1|0|-1|3|3|-0.875
9|1.5649177711203408|-0.07061472139004255|6|0|9|0|0|0|0|8|0|8|0|0|1|0|0|0|-1|0|0|0|0|0|0|2|0|0|0|0|1|1|0.0
56|1.0548404966404548|-9.970999389172785E-4|1|2|12|5|3|0|5|1|0|15|1|4|0|2|0|1|-6|4|0|0|3|0|-2|0|-4|0|0|-3|3|3|-0.875
15|1.9255758873060445|-0.09569924640565297|8|2|11|0|0|0|0|11|1|16|0|0|0|1|-2|0|2|0|0|0|0|0|1|2|0|0|0|1|3|2|-0.5
40|1.1285533905932739|0.007324619789226272|4|0|28|10|1|0|4|12|2|19|2|3|0|3|-7|-2|9|8|-1|0|2|8|2|-10|-8|2|0|-1|3|3|-0.875
58|1.0285664525774547|-5.011658346922854E-4|0|1|10|4|3|0|3|1|0|11|3|2|0|3|-1|1|-1|0|2|0|0|1|-1|-2|-1|-2|0|0|3|3|-0.875
20|1.506778145705573|-0.10929982413829231|9|0|24|2|0|1|0|15|2|12|2|0|2|1|-4|-2|14|0|0|0|-1|5|2|-12|0|0|1|1|2|2|0.125
23|1.3102418658309332|0.0047259862064621405|7|2|11|5|0|0|0|14|0|19|4|0|0|0|0|-1|-1|1|0|0|-1|2|0|-1|1|0|0|0|3|2|-0.5
36|1.1492119692114233|0.00757147409033343|5|1|28|5|0|0|2|10|7|14|6|0|1|4|-4|-6|13|1|0|-1|-2|4|6|-13|1|0|1|2|3|2|-0.875
17|1.7618143893893328|0.014886600663166716|11|0|14|1|1|0|1|10|2|15|1|0|2|0|0|0|0|0|0|0|0|1|0|3|0|0|1|0|3|2|-0.625
16|1.5450843344836476|-0.0363389556322431|16|1|8|3|0|1|0|12|0|10|1|0|0|1|6|1|-1|2|0|1|-1|-4|-2|2|-1|0|-1|1|2|4|1.0
37|1.1594458090976125|0.00707688203543011|7|1|29|3|2|1|1|11|3|22|3|2|1|2|0|0|0|0|0|0|0|-1|0|0|2|0|0|0|3|3|-0.875
34|1.1319200404187815|-0.00399757698238723|11|1|23|4|0|1|2|13|5|23|1|0|0|2|-5|-1|1|3|0|0|2|1|4|1|-3|0|-1|0|3|3|-0.875
9|1.7921100227213291|0.12953963775310773|11|0|5|0|0|0|0|16|0|3|0|0|3|0|0|0|0|0|0|0|0|4|0|0|0|0|2|0|1|1|0.125
61|1.0|0.0|0|0|8|4|0|0|1|0|0|5|3|2|0|4|0|0|0|-3|0|0|0|0|0|-2|-1|0|0|0|3|3|-0.875
48|1.211157560710655|-0.018328491501777622|5|1|21|9|1|0|3|4|1|19|5|5|0|4|1|0|0|5|-4|0|-1|-2|-1|-2|-3|4|-1|1|3|3|-0.875
56|1.062237167397117|-0.0011315848617658997|0|0|15|3|4|0|2|2|0|15|10|1|0|4|-2|-1|-2|-5|3|0|-2|2|0|-1|7|-4|0|1|3|3|-0.875
28|1.3320657347957083|-0.07977482036749639|12|3|14|4|0|1|0|13|2|22|2|0|1|0|-1|1|-8|3|0|0|0|1|-2|6|-1|0|0|0|3|3|0.125
56|1.0326504843704678|-5.936451703720813E-4|1|0|14|9|3|0|3|1|1|11|5|1|0|1|0|-1|1|4|0|0|0|0|1|-5|-4|-2|0|-2|3|4|1.0
9|2.1373408863888654|-0.444765894797682|10|1|4|0|0|0|1|7|0|12|0|0|0|0|-1|0|1|0|0|0|0|0|0|4|0|0|0|0|2|1|-0.375
34|1.2533609287861918|-0.02022953003512984|8|3|20|4|1|0|4|7|3|25|3|1|0|4|1|0|-4|1|1|0|0|-1|-1|4|0|0|0|0|3|3|-0.875
33|1.233980283386011|0.005632289968346305|9|2|22|5|0|0|0|9|0|27|6|0|1|1|0|0|-1|0|0|0|0|1|-1|0|1|0|0|0|3|3|0.5
24|1.6039473548845375|-0.008249295326584472|16|4|11|2|1|1|0|9|5|15|2|1|0|0|7|0|-4|1|0|1|0|-8|1|5|0|0|-1|0|3|3|-0.75
40|1.0621320343559641|-0.02723415472707602|6|3|30|6|0|0|4|5|2|20|6|5|0|6|0|0|11|0|-4|0|-1|-2|-1|-10|0|5|0|2|2|3|-0.875
25|1.24|-0.010000000000000009|12|1|17|4|0|1|1|12|3|17|4|1|0|2|0|0|-2|0|0|0|0|2|0|2|0|0|0|0|3|3|-0.375
63|1.0197244553510998|-3.181363766306955E-4|0|0|3|1|0|0|0|0|0|3|1|0|0|0|0|0|-2|-2|0|0|0|0|0|-3|-1|0|0|-1|3|4|1.0
63|1.0|0.0|0|0|1|0|0|0|0|0|0|5|0|1|0|0|0|0|-2|-1|0|0|0|0|0|-1|-3|1|0|0|3|3|0.0
59|1.045031427957498|0.006365209214062029|3|1|10|3|0|1|2|1|0|13|1|0|0|0|0|0|-2|0|0|0|0|0|0|0|-1|0|0|-1|3|4|1.0
34|1.1874009085768014|-0.0056788154114182365|12|2|23|4|1|2|4|10|2|25|8|0|1|0|0|0|0|-2|1|1|4|-3|0|3|4|-1|-1|-4|3|2|-0.75
33|1.0679588087005845|-0.0407508370687617|12|1|22|4|2|0|2|12|2|22|4|1|2|1|0|0|-2|0|0|0|0|1|0|2|0|0|0|0|3|3|-0.875
34|1.3863400857091606|-0.016906453362514062|5|2|26|6|1|0|3|17|2|21|5|1|1|3|-10|0|4|1|0|-1|0|12|0|-7|-1|0|1|0|3|3|-0.875
11|1.3909602799768883|0.060903972002311235|12|0|6|0|0|0|0|13|1|6|0|0|0|0|0|0|0|0|0|0|0|1|0|1|0|0|0|0|1|2|-0.125
4|4.250293601916556|-0.8408264978256206|4|0|2|0|0|0|0|2|0|6|0|0|0|0|3|0|-1|0|0|0|0|-2|0|4|0|0|0|0|1|1|0.0
48|1.1105653289451096|0.02394686486286557|7|0|20|4|2|1|3|7|1|20|5|1|0|4|-2|-1|-2|1|0|1|-1|0|1|0|1|-1|-1|1|3|4|1.0
32|1.2854863410659831|-0.02257096462706687|13|4|19|5|0|3|2|11|0|20|4|1|1|2|2|4|-1|2|-1|2|0|-3|-4|1|-1|1|-2|0|3|3|-0.875
40|1.2387444119121134|-0.006121651587490229|9|3|25|3|0|2|3|6|2|22|5|3|0|4|4|1|2|-3|-2|2|0|-3|-1|-4|2|3|-2|1|3|3|-0.875
48|1.0812394778460763|-0.0017284995286397375|3|0|22|4|1|0|3|3|2|21|6|2|0|3|-1|-2|1|-1|-1|0|0|-2|2|1|2|1|0|0|3|3|-0.875
54|1.0645422476710846|-0.009033128491399589|4|1|11|8|1|0|7|1|2|6|6|2|0|3|3|-1|2|1|-1|0|4|-4|0|-4|-3|1|0|-6|3|3|-0.875
9|2.2560511103197696|-0.0024978916024975817|7|0|4|1|0|0|0|4|1|11|1|0|0|0|0|0|0|0|0|0|0|1|0|3|0|0|0|0|2|2|0.0
17|1.692511707926197|0.03397226684834953|8|2|12|3|0|0|2|14|2|7|3|0|0|0|0|0|0|0|0|0|0|1|1|-1|1|0|0|0|2|2|-0.375
42|1.1166546413478966|-0.03733824887124393|8|0|32|5|2|0|1|4|2|20|6|2|0|1|4|-2|13|0|0|0|0|-7|2|-10|1|0|0|0|3|3|-0.875
47|1.04771575930041|-0.00103729911522632|3|2|18|7|5|0|6|2|1|19|8|3|0|2|-1|-2|1|2|0|0|0|-1|0|0|0|1|0|0|3|3|-0.875
35|1.2626710087639412|-0.07853858416228054|11|3|17|5|0|0|2|7|3|20|7|1|0|6|-3|0|3|0|-1|0|0|-1|0|1|1|0|0|0|3|3|-0.875
33|1.2038764261017534|-0.006371138315679703|13|1|19|3|2|1|0|10|5|26|3|0|0|5|0|0|-1|0|0|0|0|1|1|1|0|0|0|1|3|2|-0.875
29|1.197287908680633|0.028668288975691514|13|0|20|5|0|1|0|13|3|16|6|2|0|2|0|0|0|0|0|0|0|2|0|-2|2|0|0|1|3|3|-0.875
5|4.346089366291393|0.41347765842715134|5|0|3|0|0|0|0|6|0|6|0|0|1|0|0|0|0|0|0|0|0|1|0|3|0|0|1|0|1|1|0.0
25|1.2097056274847715|-0.02599663291074439|12|2|20|0|0|0|0|13|4|23|1|0|0|0|-1|0|-1|0|0|0|0|-1|1|0|1|0|0|0|2|2|-0.25
17|1.4403106690728573|0.020226334589209527|14|1|10|0|1|0|2|11|1|17|1|0|1|1|0|0|0|0|0|0|0|1|0|3|0|0|0|0|3|2|-0.75
1|0.0|NaN|0|0|0|0|0|0|0|4|0|0|0|0|0|0|0|0|0|0|0|0|0|4|0|0|0|0|0|0|0|1|0.0
60|1.0207106781186546|-0.01439216615025174|1|0|7|4|1|0|3|0|0|12|2|1|0|1|1|0|-5|2|0|0|2|-1|0|5|-4|-1|0|-2|3|3|-0.875
54|1.0383531076271384|-0.027406918301891237|1|1|20|5|3|0|6|4|1|12|5|3|1|2|-3|0|11|0|0|-1|4|3|0|-8|-1|-1|1|-6|3|3|-0.875
36|1.1771723222564094|0.00677260686047676|13|0|24|2|1|1|1|13|0|22|6|1|1|0|2|0|2|-3|0|0|1|-1|0|-1|4|0|0|-1|3|3|-0.75
49|1.0591733660532991|-0.0012327784594436952|3|3|18|2|3|0|1|3|1|22|7|2|0|2|-1|0|-1|0|0|0|0|-1|1|-1|0|0|0|0|3|3|-0.875
46|1.0937762717170598|-0.002083917149267922|7|1|23|9|1|0|6|4|1|17|6|4|0|4|3|0|3|3|-3|0|2|-3|-1|-6|-2|2|0|-2|3|3|-0.875
57|1.0|0.0|1|0|15|4|3|0|4|1|0|14|10|1|0|6|-1|0|-1|0|0|0|0|-1|0|-1|2|0|0|2|3|3|-0.875
27|1.3492427142310268|-0.1898088135329976|14|1|16|5|0|1|0|9|2|20|4|0|1|0|0|-1|-2|1|0|0|-1|1|0|2|0|0|0|0|2|3|-0.25
20|1.509674265336897|0.03823124800857314|12|2|20|0|0|0|2|12|0|18|2|0|0|0|3|2|1|-1|0|0|2|0|-2|-2|2|0|0|-2|2|3|-0.75
9|2.534568928802701|-0.03731261891286408|13|1|1|0|0|0|1|7|0|11|0|0|1|0|0|0|0|0|0|0|0|1|0|3|0|0|0|0|2|1|-0.25
45|1.121895141649746|-0.012184288727791648|5|6|18|6|4|0|2|2|3|20|5|2|0|2|0|-1|-2|1|0|0|0|-1|0|-3|2|0|0|0|3|3|-0.875
17|1.6369663014556584|0.07446630145565836|11|0|14|1|0|0|0|13|0|17|0|0|0|0|0|0|0|0|0|0|0|4|0|0|0|0|0|0|2|3|0.25
26|1.2651123933458526|-0.05773031912876636|14|2|16|3|1|1|0|12|3|20|3|0|2|0|2|0|-2|0|1|0|0|-2|0|3|1|-1|1|0|3|2|-0.625
57|1.0145338092060736|-2.595323072511757E-4|1|0|12|5|0|0|1|0|0|11|6|1|0|2|0|0|0|-2|0|0|-2|-1|0|-1|-2|0|0|-3|3|4|1.0
30|1.3650281539872886|-0.026870404012427018|15|1|24|4|0|2|1|12|3|14|1|3|1|0|2|0|11|3|-3|2|1|-3|1|-10|-2|3|-1|-1|2|3|-0.5
39|1.2130034817785964|-0.02102078735277657|9|1|27|6|2|1|1|8|3|17|8|3|1|6|-3|0|2|0|0|-2|0|0|0|-1|1|0|0|0|3|3|-0.875
5|3.2213099140335073|-0.0147580634662825|5|0|3|0|0|0|0|9|0|3|0|0|0|0|0|0|0|0|0|0|0|4|0|0|0|0|0|0|1|1|0.0
37|1.1389766384792148|-0.02013230766961449|10|2|24|6|1|0|1|6|1|23|6|2|0|2|0|0|-2|0|0|0|0|1|-1|-1|0|1|0|0|3|3|-0.875
57|1.0248107642521596|-0.007839720118308025|0|0|13|7|3|0|5|2|1|8|5|2|0|4|-1|0|0|-1|0|0|0|0|0|-1|-1|0|0|0|3|3|-0.875
35|1.0473386928426396|-0.0013923144953715827|7|1|30|3|1|0|1|8|1|25|4|3|0|2|-1|0|0|0|0|0|0|-1|0|2|1|0|-1|2|3|3|-0.875
51|1.0554593553871803|-0.0011091871077435478|1|1|20|10|1|0|4|5|0|17|5|2|0|4|-1|0|0|-1|0|0|0|1|0|-2|0|-1|0|0|3|4|1.0
23|1.3608940469454682|-0.07258918292932992|16|0|15|2|1|2|0|9|1|24|0|2|1|0|-1|0|0|0|0|0|0|2|0|0|-1|1|1|0|3|3|-0.625
18|1.642021994171258|-0.2629675952304382|17|0|13|3|0|3|0|9|0|19|2|0|0|0|8|0|-3|1|0|3|0|-9|-1|7|0|0|-3|0|2|2|-0.25
6|1.52704627669473|0.09459074466105388|7|0|5|0|0|0|0|6|0|2|1|0|0|0|4|0|2|0|0|0|0|-1|0|-3|1|0|0|0|1|2|-0.125
47|1.0616913816300353|-0.010345759652241826|6|0|24|9|1|0|6|5|1|23|8|2|1|4|-1|0|1|0|1|0|0|0|0|-2|2|0|0|0|3|3|-0.875
51|1.1317911637595757|-0.002635823275191518|5|1|19|6|3|1|1|2|2|16|7|2|0|5|0|0|-1|-1|0|0|0|1|0|-1|-3|0|0|0|3|4|1.0
25|1.2551281440492297|-0.027889237767596997|16|1|17|3|0|1|1|12|0|21|2|0|1|0|-1|0|1|0|0|0|0|-1|0|3|1|0|0|0|2|3|-0.625
57|1.029067618412147|-5.190646145025735E-4|0|0|14|4|2|0|2|0|1|17|5|1|0|3|-1|0|-2|-2|0|0|-2|0|0|-2|0|0|0|0|3|3|-0.875
46|1.2203383242198143|-0.01410115303539805|7|2|17|7|2|1|3|5|3|16|9|2|1|3|2|0|0|-2|0|1|2|-2|0|-1|3|-2|0|-2|3|3|-0.875
63|1.0131496369007331|-2.1209091775364897E-4|0|0|4|0|0|0|0|0|0|1|1|2|0|2|0|0|-1|-1|0|0|0|0|0|-2|0|-1|0|0|3|4|1.0
46|1.1895945511247468|0.018009009975005652|4|3|17|10|1|0|7|5|0|30|7|3|2|2|-2|3|-13|3|-1|-2|5|1|-3|13|-3|2|2|-5|3|3|-0.875
21|1.401407299249416|-0.02007036496247072|21|1|10|1|0|1|0|16|1|17|3|0|1|0|-1|0|1|0|0|0|0|2|0|0|1|0|0|0|2|2|-0.125
46|1.0885014741709886|-0.0019666994260219006|5|0|25|6|1|0|2|5|1|19|7|3|0|5|0|-1|3|0|-2|0|-3|0|1|-7|0|2|0|3|3|3|-0.875
33|1.3268437713328587|-0.010213867854151903|10|1|13|6|4|0|3|11|3|14|4|2|1|1|0|0|-1|-1|0|0|0|-1|1|-1|0|0|0|0|3|3|-0.875
19|1.4804731686574717|0.028862601741251437|12|3|10|2|0|1|0|10|5|20|0|0|0|0|0|0|0|0|0|0|0|-1|1|3|0|0|0|0|2|2|-0.25
62|1.0066808639092435|-1.0952235916783515E-4|0|0|4|3|0|0|1|0|0|3|2|1|0|2|0|0|-3|0|-1|0|-2|0|0|-3|-1|0|0|1|3|4|1.0
58|1.048765984909417|-0.008122448197938725|1|1|6|6|0|0|3|0|0|8|4|1|0|0|1|0|-3|2|-2|0|1|-1|-1|-1|-3|1|0|-4|3|4|1.0
35|1.2442793278995588|-0.019367437949195487|8|4|23|6|0|0|3|12|2|21|8|1|1|4|-2|0|2|0|0|0|0|0|0|0|0|0|0|0|3|3|-0.875
11|1.9690669711693836|0.026700100633040735|7|1|7|1|0|0|1|10|2|10|0|0|0|1|0|0|0|0|0|0|0|4|0|0|0|0|0|1|2|2|-0.375
45|1.123328366144101|-0.012216862011754426|4|0|17|6|2|0|1|8|4|22|8|2|0|5|0|-1|0|1|0|0|0|0|0|-3|1|1|-1|1|3|3|-0.875
8|2.519122805635369|0.06869674205209009|12|0|4|0|0|1|0|8|1|2|1|0|0|0|5|0|1|0|0|1|0|-4|1|-2|1|0|-1|0|1|2|-0.125
44|1.1073033943576898|0.007137445767799955|6|1|22|9|2|0|3|8|1|17|8|0|1|2|-4|0|5|2|1|-1|1|2|0|-5|-2|-2|1|-1|3|4|1.0
45|1.1309538272664927|0.006437721252422701|4|2|24|6|2|0|2|6|2|20|8|2|0|0|0|0|-1|0|0|0|0|1|0|-1|0|0|0|-1|3|4|1.0
45|1.0682459513747884|-0.014864372477311205|3|1|23|6|0|0|3|6|3|23|5|3|0|2|0|0|-2|-1|0|0|-1|0|0|-1|1|0|0|0|3|3|-0.875
48|1.0431472460805307|-9.180265123518438E-4|1|1|24|6|3|0|5|5|1|25|7|1|0|4|-5|0|-5|1|2|0|2|4|0|-1|1|-2|0|-1|3|3|-0.875
54|1.0415303830948015|-0.00859894236731873|4|0|16|6|2|0|1|1|0|15|2|3|0|1|3|0|0|2|-1|0|-1|-3|0|-2|-7|1|0|-3|3|4|1.0
25|1.4542305186762527|-0.018926271611510614|10|1|18|3|0|2|0|15|4|16|3|0|1|3|0|0|-1|0|0|0|0|1|0|2|0|0|0|0|2|2|0.5
36|1.165666389968268|-0.016567998638324477|11|1|22|6|2|1|3|10|3|22|2|2|1|0|1|-2|1|4|0|0|3|-2|2|1|-4|0|0|-3|3|3|-0.875
24|1.594082517040997|-0.007820389333386801|12|1|16|3|2|1|0|16|3|18|2|0|2|0|-3|-1|-1|1|2|1|0|3|2|3|-1|-2|1|0|3|2|-0.75
18|1.8207055019302973|-0.04827679423119391|10|1|19|1|0|0|1|8|0|13|3|0|0|0|2|1|7|-2|0|0|1|-2|-1|-7|2|0|0|-1|2|2|-0.375
26|1.5452929762320389|-0.07125443814927346|14|2|20|1|2|0|1|12|3|17|2|0|0|1|2|-1|5|-1|2|0|1|-3|1|-2|1|-2|-1|0|3|3|-0.875
42|1.1164981482617182|-0.012944188064263784|9|0|20|6|2|2|2|3|1|21|6|1|0|2|5|-1|-1|0|1|2|0|-6|1|-2|0|-1|-2|0|3|3|-0.875
52|1.0|-0.008121834556335195|2|0|18|4|2|0|2|4|1|19|5|1|0|3|-2|-1|-1|-1|1|0|0|1|1|-1|0|-1|0|1|3|4|1.0
25|1.278559601554306|-0.03601441829921703|15|1|12|3|0|1|0|13|2|17|3|0|1|0|-1|0|0|0|0|0|0|0|1|1|0|0|0|0|2|2|-0.125
21|1.7316694372377026|0.054837884375424695|14|1|15|2|0|1|0|12|1|17|4|0|0|1|0|0|0|0|0|0|0|2|0|-2|2|0|0|0|2|2|0.0
61|1.0067903862684113|-0.007016732477358456|0|0|8|0|2|0|0|0|0|3|5|1|0|0|0|0|-1|-2|0|0|0|0|0|-1|0|0|0|0|3|3|-0.875
32|1.3131847634838791|0.0032589935125555414|11|3|22|1|0|0|1|11|4|21|6|2|1|2|0|0|1|-4|-2|-1|0|0|1|-2|5|2|1|1|3|3|-0.875
23|1.2819687554016772|-0.16800828717158045|20|1|12|3|0|2|1|15|1|15|3|0|1|0|0|-1|-1|1|0|0|0|2|0|2|0|0|0|0|2|3|-0.375
25|1.4080023206542973|2.5880173828318753E-4|18|3|13|2|0|2|0|16|3|14|2|1|0|0|-1|0|1|0|0|0|0|0|0|2|0|0|0|0|2|3|-0.25
53|1.0501293254621202|-0.024734563518498343|3|0|21|3|2|0|2|2|2|23|3|1|0|4|0|0|0|-2|0|0|0|0|0|-1|0|0|0|0|3|3|-0.875
59|1.0070205688537812|-1.2104429058235056E-4|1|0|7|4|0|0|1|0|1|11|1|4|0|2|-1|0|-2|-1|0|0|-1|0|0|-1|-2|0|0|0|3|3|-0.875
43|1.1275646831218271|0.020772269449480296|5|1|20|8|1|0|5|8|1|20|3|3|0|5|0|0|0|0|0|0|0|1|-1|0|0|1|0|0|3|3|-0.875
9|2.4398854372783023|0.09029902786125987|12|2|0|0|0|1|0|10|2|4|0|0|0|0|0|0|0|0|0|0|0|2|1|0|0|0|0|0|2|2|-0.125
6|2.3117469321112916|-0.3372611059820283|8|0|3|0|0|0|0|11|0|1|0|0|0|0|1|0|2|0|0|0|0|3|0|-2|0|0|0|0|1|1|0.0
27|1.4624990991431188|0.02975264916756415|8|3|14|5|1|0|5|16|5|21|2|0|3|2|0|0|0|0|0|0|0|0|0|3|0|0|0|0|3|2|-0.875
55|1.0846700772634978|0.016950554124750106|2|0|21|6|2|0|4|0|0|19|4|2|0|3|0|0|0|0|0|0|0|0|0|0|0|-1|0|0|3|4|1.0
1|0.0|NaN|0|0|0|0|0|0|0|4|0|0|0|0|0|0|0|0|0|0|0|0|0|4|0|0|0|0|0|0|0|1|0.0
26|1.2041206072832795|-0.02473336678625504|14|1|20|4|0|0|1|13|2|15|3|1|1|1|2|-1|4|3|-1|0|0|-1|1|-5|-2|1|1|0|2|3|-0.625
18|1.5889514533050857|-0.010278699466587549|13|0|15|1|0|3|0|8|2|11|5|0|0|1|5|-3|3|-2|0|3|-1|-5|2|-5|4|0|-3|1|2|3|0.375
21|1.5466051745056704|0.010866342399727058|12|0|18|2|0|1|1|16|1|15|2|1|2|1|0|0|0|0|0|0|0|0|0|2|1|0|0|0|2|3|-0.625
38|1.1505618250457461|0.007125722630468845|8|1|24|5|4|0|0|9|0|22|10|1|1|2|0|1|4|-5|3|-1|-2|0|-1|-1|5|-3|1|2|3|3|-0.875
14|1.9782990151391433|-0.21590201076041038|13|0|10|0|1|0|0|17|0|9|1|0|2|0|-1|0|2|-1|1|-2|0|4|0|-2|1|-1|2|0|3|2|-0.5
56|1.04004715512713|-7.281300932204804E-4|2|0|6|5|2|0|2|0|1|14|7|1|0|4|2|-1|-9|-2|1|0|-2|-2|1|6|2|-1|0|2|3|3|-0.875
34|1.2373843474078081|0.023109565230066353|12|1|22|4|1|0|4|9|3|25|3|3|0|2|3|-2|-4|2|-2|0|3|-3|2|3|-1|2|0|-2|3|3|-0.875
59|1.028082275415125|-4.841771623298463E-4|0|0|6|6|1|0|3|1|0|8|4|4|0|2|-2|0|1|-1|0|0|-1|0|0|-2|0|-1|0|-1|3|4|1.0
4|2.995352392457285|-0.44616604765496826|4|0|2|0|0|0|0|8|0|0|0|0|1|0|0|0|2|0|0|0|0|4|0|-2|0|0|1|0|1|1|0.0
1|0.0|NaN|0|0|0|0|0|0|0|4|0|0|0|0|0|0|0|0|0|0|0|0|0|4|0|0|0|0|0|0|0|1|0.0
36|1.3079557648258364|-0.04411496406644644|13|0|19|6|0|0|1|9|1|21|6|2|1|2|4|-1|0|-1|-2|-1|-1|-4|0|1|1|2|1|0|3|3|-0.875
29|1.1830046823919056|0.008257459999328143|12|3|19|3|0|2|1|13|2|15|9|0|0|1|0|0|0|-1|0|0|0|-2|0|-1|3|0|0|0|2|2|-0.75
53|1.0078153502334546|-1.5029519679710113E-4|1|0|17|4|3|0|4|3|0|16|5|0|0|1|-2|0|-1|-1|0|0|-1|0|0|0|0|0|0|0|3|3|-0.875
61|1.0299742151597735|-4.995702526628953E-4|0|0|7|3|1|0|2|0|0|2|4|1|0|1|0|0|-2|-2|0|0|-1|-1|0|-2|0|0|0|1|3|4|1.0
34|1.1855039938048606|-0.00562133314560187|11|1|21|4|0|0|0|14|0|18|8|2|1|2|-1|1|3|-4|-2|-1|-2|2|-1|-3|4|2|1|2|3|3|-0.875
53|1.092443300690786|-0.0017777557825151558|3|0|17|7|2|0|4|4|0|15|7|4|0|3|0|-1|-3|1|0|0|0|-1|0|1|1|-2|0|-1|3|4|1.0
13|1.996218816893743|-0.04850043787672065|7|0|9|1|0|0|0|11|2|10|1|0|0|0|0|0|-1|0|0|0|0|1|1|1|0|0|0|0|2|2|0.125
50|1.0614213562373096|-0.00970683507368153|4|0|14|12|2|0|2|4|0|25|8|1|0|5|-1|0|-10|6|1|0|-2|0|-1|9|-3|-1|0|3|3|3|-0.875
22|1.402288161646833|5.678762250602709E-4|15|0|12|3|1|0|0|15|3|13|4|0|1|0|1|-2|0|-1|1|-1|0|-1|3|2|1|-1|1|0|3|2|-0.625
36|1.2881008581003124|0.0036032201220796978|10|3|24|2|2|1|3|13|1|19|2|4|2|1|-4|1|6|0|-2|-1|1|3|-2|-5|-1|2|1|-2|3|4|1.0
30|1.2330234928304857|0.026447465764465994|13|1|14|6|1|0|1|15|2|14|7|0|1|1|-2|-1|1|0|1|-1|0|2|1|0|1|-1|1|0|3|2|-0.875
55|1.045186934077065|-8.367950755010511E-4|3|1|16|8|0|0|5|0|0|14|2|2|0|4|-1|0|0|0|0|-1|0|0|0|-1|-1|-1|0|0|3|4|1.0
11|2.5234433529008244|-0.16568586733652335|8|0|10|0|0|0|0|15|1|6|0|0|1|0|0|0|0|0|0|0|0|4|0|0|0|0|1|0|1|2|0.125
39|1.2131720127944807|-0.021025222379510433|7|3|27|3|0|0|3|9|1|24|8|2|0|2|0|-1|-2|1|0|0|-1|0|-1|-2|1|0|0|0|3|3|-0.875
25|1.3417281506746024|-0.01423867294477521|10|0|13|5|0|1|0|8|3|20|2|1|0|2|0|0|-1|0|0|0|0|0|-1|1|0|1|0|0|2|3|0.5
47|1.0616913816300353|-0.0013411169919572696|6|1|17|4|2|0|2|1|3|20|7|1|0|2|-1|0|0|0|0|0|0|0|0|-1|0|0|0|0|3|4|1.0
17|2.2652319485416363|-0.41425890855539604|14|2|8|1|0|1|0|15|2|8|1|1|0|2|0|0|-1|0|0|0|0|2|0|2|0|0|0|0|2|3|0.0
35|1.1497897339176937|-0.004405580409344134|7|0|28|3|1|1|1|10|0|22|10|0|1|2|-1|0|0|-1|0|0|0|0|0|2|1|0|0|0|3|2|-0.75
14|1.7403612987136967|0.03813128298354562|11|0|10|1|0|0|0|17|0|7|2|0|1|0|-3|0|2|0|0|-1|0|6|0|-3|1|0|1|0|2|2|0.125
50|1.0531370849898476|-0.0010844303059154292|6|0|20|2|2|0|2|1|0|23|11|1|0|3|5|0|-3|-10|1|0|-1|-5|0|3|8|-2|0|1|3|3|-0.875
34|1.2686930268856311|0.004409713196589671|7|2|24|6|3|0|1|17|5|18|2|0|2|4|-8|-3|7|3|3|-2|-3|10|3|-7|-5|-3|2|3|3|3|-0.875
13|2.2598654084776415|0.2283445492935301|11|4|5|0|0|0|0|15|0|11|0|0|1|0|0|0|0|0|0|0|0|1|0|3|0|0|0|0|2|1|-0.25
25|1.521139405644145|0.029788690493985026|17|2|18|0|1|1|1|9|1|26|2|0|1|1|0|0|0|0|0|0|0|-2|0|3|0|0|-1|0|3|3|-0.5
22|1.7856508162018405|0.02144843625228332|11|1|13|3|1|0|0|16|5|13|2|0|0|3|-3|-3|0|1|1|0|-1|5|4|0|-1|-1|0|3|3|2|-0.25
3|7.159555204432429|0.4513512719330599|1|0|3|0|0|0|0|4|0|2|1|0|0|0|0|0|0|0|0|0|0|0|0|2|1|0|0|0|1|2|0.0
32|1.210247564417433|0.006579548321150375|14|0|20|4|0|0|0|16|1|20|4|2|1|2|-2|-1|2|0|-2|-1|-2|1|1|1|0|2|1|2|3|3|-0.75
47|1.0952916737152991|-0.0020715581242456427|4|1|25|3|2|1|4|2|2|25|7|3|0|6|-1|0|-1|-1|0|-1|-1|0|0|0|0|0|0|0|3|3|-0.875
4|1.914213562373095|0.24754689570642818|4|0|4|0|0|0|0|1|0|7|0|0|0|0|4|0|0|0|0|0|0|-3|0|3|0|0|0|0|1|1|-0.125
7|2.1021109488741234|-0.017018491479020348|8|0|3|0|0|0|0|12|0|4|0|0|1|0|0|0|0|0|0|0|0|1|0|3|0|0|0|0|1|1|0.0
28|1.2609691353344736|-0.06418907741977975|13|1|15|6|0|0|0|13|0|20|3|1|0|0|-1|1|-3|4|-1|0|0|0|-3|5|-1|1|0|0|3|3|0.375
31|1.1336172781848697|-0.004453909272828849|10|3|21|2|1|1|1|10|2|23|3|1|2|0|0|0|-2|0|0|0|0|0|1|2|0|0|1|0|3|3|-0.875
29|1.2460538935900503|0.006005702456537199|16|1|12|4|1|1|0|18|1|24|1|0|0|2|0|0|-1|0|0|0|0|2|-1|1|0|0|0|0|3|3|-0.875
25|1.2285910656847547|0.0077342706953476|13|0|13|2|0|0|0|15|4|17|2|0|1|2|-1|0|1|0|0|0|0|-1|2|1|0|0|1|0|3|2|-0.875
41|1.1093971066887456|-0.013090266726546007|11|1|15|8|1|1|1|4|4|25|5|0|0|3|0|-1|0|1|0|0|0|0|0|0|0|0|0|0|3|2|-0.875
58|1.0214248394330911|-3.758743760191585E-4|0|1|11|6|4|0|8|1|0|10|4|1|0|1|-1|1|-2|2|3|0|7|1|-1|-2|-2|-4|0|-7|3|3|-0.875
9|1.7658802474435744|0.09108704273505319|5|0|8|0|0|0|0|13|0|5|1|0|0|0|0|0|0|0|0|0|0|4|0|0|0|0|0|0|2|2|0.125
52|1.0431277055215245|-8.456412847359651E-4|1|3|17|7|2|0|5|0|0|17|7|4|0|2|0|2|-2|2|-2|0|2|-2|-4|0|1|2|0|-4|3|4|1.0
49|1.0338133520304564|-0.00933389405007401|4|1|20|10|1|0|3|4|0|14|13|1|0|5|-2|0|1|-1|0|0|0|-1|0|0|2|0|0|0|3|3|-0.875
61|1.0|-0.006903559372884782|0|0|9|3|1|0|2|0|0|6|3|2|0|2|0|0|-1|-1|0|0|-1|0|0|0|0|-1|0|0|3|4|1.0
38|1.0654021414273307|-0.0017676254439820127|5|0|26|4|3|0|3|8|2|23|6|1|0|1|-3|-2|3|-2|2|0|2|1|2|-3|2|-2|0|-2|3|3|-0.875
26|1.2741919309419982|-0.010967677237680107|12|1|17|1|2|1|0|14|1|18|3|1|0|0|-3|0|2|-1|1|1|0|2|0|0|2|-1|-1|0|3|3|-0.875
50|1.1062741699796954|-0.02257702387713656|4|3|21|3|3|0|3|4|4|15|6|1|0|8|0|-1|7|-4|2|0|-4|0|1|-6|1|-3|0|5|3|3|-0.875
32|1.228553390593274|-0.03963075453526699|9|5|24|2|0|0|3|13|2|25|2|2|2|1|-4|3|1|0|-2|-2|2|4|-3|0|0|2|2|-2|3|3|-0.875
45|1.0958601888663277|-0.01159258525544149|6|3|16|6|1|0|5|2|0|25|8|3|0|4|0|0|-2|-1|0|0|0|-1|0|2|0|1|0|1|3|3|-0.875
54|1.0306824861017108|-5.78914832107591E-4|0|1|18|4|2|0|1|3|0|12|7|3|0|5|-1|1|5|-3|-1|0|-4|2|-1|-7|3|1|0|4|3|3|-0.875
54|1.0338597615693739|-6.388634258371884E-4|1|3|14|5|2|0|5|0|1|15|5|2|0|3|1|2|-3|0|0|0|2|-3|-2|2|0|0|0|-2|3|3|-0.875
18|1.5567729128602297|0.026072181596457078|14|0|15|2|0|0|0|8|1|16|2|0|0|0|5|-1|0|2|0|0|0|-6|1|1|0|0|0|0|2|2|-0.125
63|1.029022652773749|-4.6810730280233415E-4|0|0|2|1|1|0|0|0|0|0|1|0|0|0|0|0|-3|-1|0|0|0|0|0|-2|-2|0|0|0|3|3|-1.0
63|1.0224478343233825|-3.6206184392550966E-4|0|0|1|1|1|0|1|0|0|4|1|0|0|1|0|0|-1|0|0|0|0|0|0|1|-1|-1|0|0|3|4|1.0
40|1.1969263575571811|-0.015670254357186497|10|1|25|6|2|1|4|2|0|30|6|1|0|5|7|1|-4|1|1|1|0|-9|-1|6|0|-1|-1|1|3|3|-0.875
50|1.0648528137423856|-0.0013235268110689535|3|0|19|9|3|0|3|2|0|16|9|2|0|5|0|0|1|0|2|0|-2|-2|-1|-5|1|-1|0|1|3|3|-0.875
7|2.2138537275244734|-0.03564228792074564|7|0|5|0|0|0|0|5|2|3|1|0|0|0|0|0|0|0|0|0|0|1|1|-1|1|0|0|0|1|2|0.125
2|1.4142135623730951|1.4142135623730951|1|0|2|0|0|0|0|3|0|1|0|0|0|0|1|0|2|0|0|0|0|2|0|-1|0|0|0|0|1|1|0.0
59|1.0|0.0|0|0|8|3|0|0|0|0|0|11|2|2|0|0|0|0|-2|-1|0|0|0|0|0|-3|-2|0|0|-1|3|4|1.0
19|1.1830899297167936|-0.06572721831759964|10|1|12|2|0|1|1|10|0|20|2|0|0|0|-1|0|0|0|0|0|0|2|0|1|0|0|0|0|2|2|-0.5
1|0.0|NaN|0|0|0|0|0|0|0|1|0|3|0|0|0|0|0|0|0|0|0|0|0|1|0|3|0|0|0|0|0|1|0.0
12|1.8834271799576285|0.0320582543220147|15|2|5|0|0|0|0|13|0|9|0|0|0|0|3|2|-2|0|0|0|0|-2|-2|4|0|0|0|0|2|1|-0.25
50|1.1097056274847714|-0.007056604183358184|3|1|24|7|2|0|6|2|0|13|5|5|0|7|0|0|12|3|-2|0|0|-1|-1|-11|-3|3|0|1|3|3|-0.875
23|1.5152321546187097|0.02203490206278591|14|5|14|1|0|1|1|13|0|21|3|0|1|1|0|0|0|0|0|0|0|0|0|1|1|0|0|1|2|2|-0.625
7|1.368070174648782|0.0076905646207185985|2|0|6|0|0|0|0|7|0|8|0|0|1|0|0|0|0|-1|0|0|0|3|0|1|0|0|1|0|2|1|0.25
20|1.4288245611270738|-0.07520129269089848|16|0|11|5|0|2|2|17|1|11|2|0|1|0|1|-1|0|3|0|1|2|-1|1|2|-3|0|-1|-2|2|2|-0.5
44|1.0792109403236039|-0.011474988434806876|7|0|15|8|3|0|3|6|2|16|8|4|0|7|0|-3|-1|0|1|-1|-3|-1|1|-2|1|1|0|3|3|3|-0.875
43|1.0521544345841694|-0.0012417722520041696|6|2|21|5|1|0|2|4|2|27|6|3|0|4|-1|0|0|0|0|0|0|-1|0|0|1|0|0|1|3|3|-0.875
22|1.6385739626155027|-0.1368877114340612|13|2|18|1|0|0|2|12|2|20|0|1|0|2|2|1|-2|1|-1|0|1|-2|0|3|-2|1|0|-1|3|3|-0.75
51|1.0798248590561859|-0.0015964971811237572|6|1|17|4|1|2|3|2|4|16|8|1|0|7|-1|0|0|0|0|0|0|-2|1|-2|1|1|0|1|3|3|-0.875
6|2.24535599249993|-0.6316769689269712|8|0|4|0|0|0|0|8|0|3|0|0|0|0|4|0|1|0|0|0|0|0|0|-1|0|0|0|0|1|1|0.0
13|1.936234205570271|0.024986147660793545|9|3|7|1|0|1|0|9|3|8|0|0|0|0|0|0|0|0|0|0|0|0|2|0|0|0|0|0|2|2|-0.125
60|1.0373773447853214|-6.335143183953118E-4|0|0|8|3|4|0|3|0|0|8|2|1|0|0|0|0|0|1|3|0|3|0|0|-3|-2|-3|0|-3|3|3|-0.875
17|1.5369994237936446|-0.0076741163387845646|9|0|17|2|0|0|0|15|1|10|1|0|1|0|-1|0|1|0|0|0|0|0|0|2|0|0|0|0|2|2|0.125
12|1.6917135899788143|-0.3615542614331684|16|0|6|0|0|1|0|16|1|3|1|0|0|0|3|-1|4|-1|0|1|0|0|1|-4|1|0|-1|0|1|2|-0.125
41|1.1539928902191405|-0.028849822255478497|3|4|24|7|1|0|4|6|2|24|5|0|1|2|-2|-1|2|1|0|0|0|-1|-1|2|1|0|0|1|3|3|-0.875
30|1.2380711874576986|-0.07103191733049607|11|5|19|1|2|1|2|9|3|32|1|0|0|0|1|3|-10|0|2|1|2|-3|-2|12|0|-2|-1|-2|3|2|-0.75
53|1.0423139752286656|-8.137302928590273E-4|3|1|15|7|2|0|6|3|1|9|7|0|0|2|-1|0|-1|0|0|0|0|-1|0|0|0|0|0|0|3|3|-0.875
28|1.2487139299592018|-0.05499192249848117|12|2|25|2|0|1|5|15|1|21|3|0|3|3|-4|1|6|0|0|-2|2|2|-1|-4|1|0|1|-2|2|2|-0.875
45|1.157134840263677|0.005842698229759247|5|0|22|4|1|0|2|8|3|20|10|4|0|7|0|0|-2|0|0|0|0|-3|2|-1|0|1|0|0|3|3|-0.875
6|2.392475388154943|-0.546579726639326|9|0|1|0|0|0|0|4|1|5|0|0|0|0|6|0|-3|0|0|0|0|-5|1|3|0|0|0|0|1|2|0.0
45|1.0865093828220482|0.007447822262523829|6|1|25|6|0|0|1|8|2|16|9|1|0|1|0|0|0|0|0|0|0|-1|0|-3|1|0|0|0|3|3|-0.875
33|1.1554239455906656|-0.043484122596576746|11|1|24|3|2|1|2|9|1|23|5|0|0|2|-1|-1|1|1|0|0|0|0|0|1|0|0|0|0|3|3|-0.875
13|2.0049611617112295|-0.19544870056274277|12|2|4|2|0|1|0|12|0|14|1|0|0|0|0|-1|0|1|0|0|0|3|0|1|0|0|0|0|2|2|-0.125
12|1.6232257220515898|0.12516129799531006|10|0|8|1|0|1|0|13|0|11|0|0|1|0|-2|0|0|1|0|0|0|3|0|3|-1|0|0|0|2|1|-0.125
52|1.0703241201825457|-0.0013789043173046966|1|0|22|9|2|0|4|4|1|12|8|0|0|2|-4|0|8|0|2|0|3|2|1|-11|-1|-2|0|-2|3|3|-0.875
10|1.6848191962583274|-0.030067292653914723|10|0|5|1|0|0|1|6|0|10|0|0|0|0|7|0|-4|1|0|0|1|-4|0|4|-1|0|0|-1|2|1|-0.375
19|1.6862806296029278|0.0729844094665042|10|3|7|1|0|0|0|9|2|16|3|1|0|0|0|0|0|0|0|0|0|-1|0|1|2|0|0|0|2|3|0.125
2|5.0990195135927845|5.0990195135927845|4|0|0|0|0|0|0|4|0|0|0|0|0|0|4|0|0|0|0|0|0|0|0|0|0|0|0|0|1|1|0.0
44|1.0925242684514878|-0.03504041467033914|5|0|18|6|2|0|1|6|2|16|6|0|1|4|-1|-2|3|-1|2|-1|-2|0|2|-5|0|-2|1|3|3|3|-0.875
52|1.1101523473338046|-0.0021598499477217814|1|1|16|6|3|0|5|3|0|17|3|3|0|1|-2|1|-2|3|0|0|4|2|-1|-3|-3|0|0|-4|3|3|-0.875
30|1.1633164978870554|-0.019914829664143152|14|0|21|3|1|2|0|6|3|26|4|1|0|4|8|-3|-5|0|0|2|-4|-10|3|7|1|0|-2|4|3|3|-0.375
26|1.3986560839227598|-0.032514785851834205|11|1|20|5|1|2|0|14|2|18|2|0|0|2|-3|0|0|4|1|1|0|2|1|-1|-3|-1|-3|2|3|2|-0.875
15|1.80367999247737|-0.18800765123025442|12|0|13|1|0|1|0|20|1|9|0|0|3|1|-1|0|1|0|0|0|0|3|0|1|0|0|1|0|2|2|0.25
27|1.3811580690614942|-0.08473124939185328|10|2|19|2|2|1|2|14|2|19|5|0|3|2|-1|-1|1|1|0|0|0|1|0|1|1|0|1|0|3|2|-0.875
51|1.0973331380168163|-0.0019466627603363929|4|0|20|5|4|0|3|1|3|13|7|3|0|9|0|0|-2|-2|0|0|-1|-1|0|-2|-1|1|0|0|3|3|-0.875
20|1.686067467586918|0.06915434381121477|12|3|14|1|0|1|1|15|2|12|3|0|1|1|-3|1|3|-1|0|0|1|3|-1|-2|2|0|0|0|2|2|-0.625
8|1.4866152783740214|-0.21331256971335932|7|1|6|0|0|0|0|12|0|3|0|0|1|0|-1|1|3|0|0|-1|0|5|-1|-3|0|0|1|0|2|1|-0.125
63|1.032874092251833|-5.302272943843445E-4|0|0|1|4|0|0|2|0|0|2|1|0|0|0|0|0|-4|0|0|0|0|0|0|-2|-1|-1|0|-1|3|4|1.0
49|1.050720028045685|0.007572781965154318|6|0|24|5|0|0|2|7|2|16|4|5|1|7|-1|0|0|-1|0|0|-1|-1|0|-2|0|0|0|1|3|4|1.0
8|2.030330085889911|-0.004332869412844165|6|0|9|0|0|1|0|8|0|8|0|0|0|0|2|0|1|0|0|1|0|2|0|-1|0|0|-1|0|1|1|-0.125
58|1.0214248394330911|-3.758743760191585E-4|0|0|8|8|2|0|3|1|0|11|1|0|0|2|-2|0|-7|6|2|0|0|1|0|2|-8|-2|0|-1|3|4|1.0
40|1.1517766952966368|0.006729150437857712|12|0|22|3|2|0|3|10|1|17|7|1|0|0|3|-1|4|-4|0|0|3|-3|1|-4|4|-1|0|-3|3|4|1.0
41|1.1622019887773873|-0.004055049719434711|4|3|27|4|1|0|2|3|3|24|6|2|0|3|0|0|-1|-1|0|0|0|-1|1|-1|0|0|0|1|3|3|-0.875
29|1.5179969803960043|-0.0037065506436755324|13|3|20|2|1|1|0|13|1|15|8|1|1|1|0|-1|-1|1|0|0|-1|1|0|-2|2|0|0|0|3|3|-0.75
55|1.0225934670385324|-4.1839753775052557E-4|2|0|16|3|2|0|0|1|0|12|5|1|0|2|0|0|-1|0|-1|0|0|0|0|1|0|0|0|1|3|3|-0.875
2|1.4142135623730951|1.4142135623730951|3|0|1|0|0|0|0|1|0|2|0|0|0|0|3|0|1|0|0|0|0|-3|0|2|0|0|0|0|1|1|0.0
33|1.3610555957114028|0.0016611864581776992|16|1|22|5|0|3|2|10|5|20|3|1|0|5|0|0|-1|0|0|0|0|-2|1|1|0|0|0|2|2|3|-0.875
16|1.346450235429066|-0.0897633490286045|12|0|10|3|0|1|0|15|0|14|1|0|1|0|0|0|-3|2|0|0|0|2|0|5|-2|0|0|0|2|2|-0.125
50|1.0248528137423856|-5.072002804569209E-4|6|0|17|3|4|0|2|1|0|19|10|1|0|2|5|0|-3|-6|3|0|0|-6|0|1|6|-3|0|0|3|3|-0.875
53|1.0234460507003638|-0.0276473002514126|2|0|19|7|1|0|3|1|0|22|5|2|0|2|-1|-1|0|1|0|0|0|0|-1|1|0|1|0|0|3|3|-0.875
31|1.2242207941812469|0.02585930686062521|10|0|24|3|0|1|2|13|1|18|6|1|0|0|0|0|0|0|0|0|0|1|0|0|0|0|-1|0|2|3|-0.875
56|1.0221900122699872|-4.0345476854519724E-4|2|0|19|5|2|0|4|2|1|18|2|0|0|1|0|-1|1|3|2|0|3|0|0|-3|-2|-2|0|-3|3|3|-0.875
52|1.0703241201825457|-0.03247275603547961|3|0|20|10|2|1|8|4|1|14|6|2|0|1|-1|-1|4|4|0|1|7|0|0|-5|-3|-1|-1|-7|3|3|-0.875
12|1.9536194619333764|0.19722601488038927|10|1|6|2|0|0|0|6|0|10|1|0|0|0|4|1|-2|1|0|0|0|-4|-1|4|-1|0|0|0|2|2|-0.125
25|1.594013582249213|-0.04200946435926278|8|3|22|3|1|0|2|14|0|20|1|3|2|1|-2|0|2|0|0|0|0|2|0|-1|0|0|0|0|3|3|-0.875
24|1.331559055384923|-0.03242489642426172|13|2|19|0|0|1|1|18|1|17|1|0|2|0|-2|1|1|-1|0|0|1|4|-1|-1|1|0|1|-1|2|3|-0.5
39|1.057503607362033|-0.0015132528253165578|9|4|25|3|1|0|6|4|0|29|8|1|0|3|0|0|-1|-1|0|0|0|0|0|0|0|0|0|0|3|4|1.0
22|1.463937760271679|0.025526773320396323|14|0|13|1|1|0|0|15|4|10|2|0|1|4|-1|-4|5|0|1|-1|-3|1|4|-3|1|-1|1|4|3|3|-0.25
21|1.588369665090777|-0.050129161373193565|17|1|12|2|0|3|1|11|0|17|3|0|0|1|-1|0|1|0|0|0|0|1|0|-1|2|0|0|1|3|3|-0.875
15|1.870966340149732|0.08064526141787653|7|2|16|0|0|0|0|11|5|9|0|0|1|2|0|0|0|0|0|0|0|-1|1|2|0|0|0|0|2|2|0.5
32|1.248669291538692|-0.04027965456576421|13|1|20|2|1|2|1|17|1|25|4|0|3|0|-5|0|-2|-1|1|-1|1|4|0|4|2|-1|1|-1|3|2|-0.75
37|1.2913316687666172|-0.008092546354628194|10|2|23|5|0|1|4|9|1|15|8|1|1|2|-1|0|1|0|0|0|0|-1|0|0|0|0|0|-1|3|4|1.0
4|3.747679020649623|-0.7903965754706528|8|0|0|0|0|1|0|2|0|5|0|0|0|0|7|0|-3|0|0|1|0|-6|0|5|0|0|-1|0|1|1|-0.25
37|1.1231445725974065|-0.014926614860291787|6|0|25|5|1|0|1|12|2|20|5|1|2|0|-2|0|2|0|0|0|0|-1|0|1|0|0|0|0|3|3|-0.875
