55|1.0376557783975542|-6.973292295842093E-4|0|1|15|9|2|0|7|1|1|7|7|5|0|5|0|0|-2|0|-1|0|0|-1|0|1|0|-1|0|-2|3|4|1.0
39|1.2298458984322471|0.00485178063002234|5|1|24|6|2|0|4|7|3|25|8|0|0|6|0|0|-1|0|0|0|0|-2|1|0|0|0|-1|1|3|4|1.0
16|1.4186817948383712|-0.027912119655891354|10|0|15|1|0|0|0|9|2|13|2|0|0|1|2|-2|1|1|0|0|0|-2|2|-1|1|0|0|1|2|2|0.25
44|1.1621718844116238|-0.0037714391723633334|6|2|19|8|2|0|7|5|1|22|4|1|0|3|1|1|-5|4|0|0|4|-2|-1|4|-5|-1|0|-5|3|4|1.0
51|1.2093875819799313|0.00409651960786328|2|4|9|5|4|0|4|4|0|11|6|4|0|2|0|0|0|-2|0|0|0|-2|-2|0|0|0|0|-2|3|4|1.0
9|1.7715857677776843|0.05806027621526311|5|0|11|0|0|0|0|8|1|5|0|0|1|0|0|0|0|0|0|0|0|1|0|2|0|0|1|0|1|2|0.0
37|1.1482508479523936|-0.008883992311283784|11|1|23|9|0|1|4|6|3|25|5|0|0|2|0|-1|-1|1|-1|0|-1|0|-1|0|1|0|0|0|3|3|-0.875
5|3.2448763598559354|-1.2138757337886434|2|0|5|0|0|0|0|8|0|3|0|0|0|0|0|0|0|0|0|0|0|4|0|0|0|0|0|0|1|1|0.0
57|1.0248107642521596|-4.43049361645631E-4|0|1|6|3|2|0|2|1|0|14|2|1|0|1|-1|0|0|0|-1|0|0|0|0|0|0|0|0|-1|3|4|1.0
7|2.16603966573834|-0.06701794053968824|4|0|5|1|0|0|0|9|0|4|0|0|0|0|0|0|0|0|0|0|0|0|0|2|0|0|0|0|2|2|0.0
55|1.0664882590816795|-0.0012312640570681932|2|0|14|7|4|0|7|3|1|11|1|3|0|1|0|-1|-1|0|-1|0|-2|0|0|-1|-3|0|0|-2|3|4|1.0
11|2.0609133070645425|-0.22969812845643345|7|0|10|0|0|0|0|14|1|8|0|0|1|0|-1|0|1|0|0|0|0|0|0|4|0|0|0|0|2|2|0.125
60|1.0207106781186548|-3.5102844268908306E-4|0|0|10|2|2|0|2|0|0|5|6|3|0|3|-1|0|4|-5|0|0|-1|0|0|-7|2|1|0|1|3|3|-0.875
38|1.1195579938648699|0.007963664013735938|5|2|24|5|1|1|0|7|0|28|5|1|0|1|-2|2|-4|1|0|1|-1|0|-2|6|0|0|-1|1|3|3|-0.75
24|1.3217228896557651|-0.03171146706127681|9|8|15|0|1|0|3|18|0|19|0|1|2|0|-7|8|-3|-1|1|-2|3|9|-8|4|0|0|2|-3|3|3|-0.75
21|1.2890984672316894|-0.03516560148023906|16|1|15|1|0|1|0|14|1|14|2|0|0|1|-1|0|1|0|0|0|0|2|0|0|1|0|0|0|2|3|-0.125
34|1.2897158693008914|0.003772657365824328|11|3|14|6|2|0|1|14|2|18|6|0|1|3|-2|0|-4|1|2|-1|-2|3|-2|4|1|-2|1|2|3|3|-0.875
50|1.0448528137423856|-0.029776864818683357|4|1|21|8|2|1|0|3|0|17|5|1|0|0|0|1|5|4|1|1|0|-3|-2|-3|-3|-1|-1|-1|3|3|-0.875
15|1.637531240313476|0.025890625691894487|11|0|11|0|0|0|1|3|1|19|0|1|0|0|0|0|0|0|0|0|0|-1|0|2|0|1|0|0|3|3|-0.625
41|1.2228186076612548|-0.005570465191531371|6|3|17|6|3|1|2|9|1|29|2|0|0|1|0|0|-2|0|0|0|0|-1|1|2|0|-1|0|0|3|4|1.0
21|1.434713819261522|0.07826430903692416|11|1|19|1|1|1|0|16|2|16|2|0|1|1|0|0|0|0|0|0|0|-1|0|1|1|0|0|0|3|2|-0.625
39|1.2043734038071061|0.020937542005076137|7|5|22|6|1|0|4|7|4|23|4|0|0|3|0|0|0|0|0|0|0|-2|2|0|-1|0|0|-1|3|4|1.0
41|1.0992943368747676|0.022517641578130743|6|3|20|6|2|1|2|9|1|18|4|2|1|0|0|0|0|0|0|0|0|-1|-1|1|0|0|0|0|3|3|-0.875
4|2.688968440771291|-2.595995984788025|7|0|1|0|0|0|0|4|0|4|0|0|0|0|6|0|-2|0|0|0|0|-4|0|4|0|0|0|0|1|1|-0.125
25|1.4948652356644498|-0.1205504530555257|12|2|18|3|0|0|1|12|2|21|5|0|0|0|-2|0|2|0|0|0|0|0|0|3|0|0|0|0|2|2|-0.375
7|2.868437050192619|-0.5643319000577156|8|0|4|0|0|0|0|9|1|3|1|0|0|0|-1|0|1|0|0|0|0|2|0|0|1|0|0|0|1|2|0.0
34|1.310287543426016|-0.021954578963609528|14|3|19|4|2|2|1|13|2|15|8|0|1|2|2|1|5|-3|2|1|-1|-1|-2|-5|5|-2|-1|1|3|3|-0.875
31|1.203455993205331|-0.006781866440177753|10|3|26|3|0|0|1|9|2|25|5|1|2|3|-1|-1|1|1|0|0|0|1|0|0|-1|1|0|1|2|3|-0.375
55|1.0997323886225194|0.005823725439825678|1|2|11|7|2|0|4|0|1|12|6|7|0|8|0|0|0|-1|0|0|0|-1|0|-3|0|2|0|2|3|3|-0.875
51|1.05545935538718|-0.0011091871077435478|1|2|22|6|1|0|5|3|1|23|8|3|0|7|0|0|-2|0|0|0|0|0|0|-2|1|0|0|0|3|3|-0.875
24|1.255648454754644|-0.011115150206723712|12|3|19|3|0|1|1|10|2|11|4|0|1|1|3|0|8|0|0|0|0|-3|-1|-7|1|0|0|0|2|3|-0.5
34|1.3138880579810888|-0.02206368546527826|14|2|16|7|1|2|5|9|2|18|3|3|0|2|5|-1|-2|4|-1|2|4|-5|-1|2|-3|2|-2|-3|3|3|-0.875
2|3.1622776601683795|3.1622776601683795|1|0|3|0|0|0|0|4|0|0|0|0|0|0|1|0|3|0|0|0|0|3|0|-3|0|0|0|0|1|1|0.0
41|1.1498081859446574|-0.003745204648616385|9|3|20|6|0|0|2|7|1|19|7|5|0|1|0|0|-1|0|0|0|0|-1|-1|0|1|1|0|0|3|3|-0.875
49|1.0795815293186053|-0.01028739774357712|0|1|24|8|1|0|2|6|1|20|9|1|0|6|0|0|0|-1|-1|0|0|-1|0|0|1|0|0|2|3|3|-0.875
9|1.627809059985876|-0.13025282779487135|11|1|3|0|0|0|0|9|0|6|1|0|0|0|-1|0|1|0|0|0|0|2|0|0|1|0|0|0|2|2|-0.125
23|1.5384705660795146|-0.005648045623018794|10|0|22|3|0|0|1|13|4|10|3|1|0|4|-1|0|1|0|0|0|0|-1|0|0|2|0|-1|1|2|3|-0.25
53|1.0312614009338184|-6.011807871888486E-4|1|0|26|7|0|0|0|1|0|22|3|2|0|2|0|0|-2|0|-1|0|0|0|0|-1|0|-1|0|0|3|4|1.0
14|1.4377850146065687|-0.06553835207535896|7|1|10|0|0|0|0|14|0|10|0|1|0|0|-7|0|3|0|0|0|0|7|-1|0|-1|1|0|0|2|3|0.125
33|1.3731426817874173|-0.050287833102725|11|2|23|4|1|1|2|13|1|21|5|1|0|0|-2|0|2|0|0|0|0|2|0|0|0|0|0|0|3|3|-0.875
26|1.1815903596822446|-0.007263614387289952|9|3|21|1|0|1|1|9|2|17|5|0|2|1|0|1|6|-4|0|-1|0|0|-1|-5|4|0|1|0|2|2|-0.625
23|1.722359633857849|0.02335037925645156|17|2|13|2|0|2|0|13|4|12|5|0|2|3|0|0|0|0|0|0|0|-1|1|2|0|0|0|0|2|2|0.375
16|1.7251133931397962|-0.09169299553417876|9|1|10|2|0|0|0|14|2|11|0|0|1|0|-5|0|1|2|0|-1|0|5|0|0|-1|0|1|0|3|2|0.125
1|0.0|NaN|0|0|0|0|0|0|0|4|0|0|0|0|0|0|0|0|0|0|0|0|0|4|0|0|0|0|0|0|0|1|0.0
41|1.1867525426705459|-0.00466881356676363|8|4|16|5|4|1|2|5|1|23|4|4|0|2|0|0|-2|0|0|0|0|0|-1|0|0|1|0|0|3|3|-0.875
44|1.1769510103178258|-0.013748013318393593|9|3|26|4|3|0|7|5|2|26|5|2|0|5|4|1|0|0|1|0|2|-6|-2|2|2|-1|-1|-2|3|3|-0.875
40|1.0724873734152915|-0.012479511174061209|8|2|30|4|0|0|3|6|3|33|1|1|2|4|3|-1|0|3|-1|-1|-1|-3|1|2|-3|1|2|1|3|3|-0.875
62|1.0200425917277303|-3.285670775037275E-4|0|0|1|3|1|0|0|0|0|4|1|0|0|0|0|0|-5|2|1|0|0|0|0|0|-3|-2|0|-1|3|3|-0.875
29|1.3634648710827284|0.05232008048798087|9|4|16|1|1|1|1|16|0|14|7|1|3|3|0|0|0|0|0|0|0|2|0|-2|2|0|1|0|3|3|-0.875
40|1.1826783947341315|-0.015304921977108421|9|0|21|8|2|1|4|3|2|13|10|1|0|1|5|-2|6|-1|1|1|3|-6|2|-9|2|-1|-1|-3|3|3|-0.875
44|1.0697969957242153|0.00800968759648546|3|0|20|8|1|0|1|10|0|26|4|4|1|2|-8|0|-5|4|-2|-1|-1|7|0|5|-4|3|1|1|3|3|-0.875
62|1.0161290322580645|-2.6441036488633607E-4|0|0|4|1|0|0|0|0|0|6|1|1|0|1|-1|0|-5|0|0|0|0|0|-1|0|0|1|0|-1|3|3|0.0
2|2.0|2.0|1|0|2|0|0|0|0|1|0|2|0|0|0|0|1|0|2|0|0|0|0|0|0|0|0|0|0|0|1|1|0.0
44|1.0964236519799837|-0.025498224464650887|5|1|23|11|3|1|5|4|1|21|8|2|0|4|0|0|4|3|1|1|2|-1|0|-3|-3|-1|-1|-1|3|3|-0.875
11|1.9578755506586873|0.004212444934131199|9|0|9|0|0|0|0|14|1|6|1|0|1|1|0|0|0|0|0|0|0|2|1|0|0|0|0|1|1|2|0.25
31|1.2965640421528366|-0.009885468071761494|9|1|24|2|1|1|3|14|6|19|4|1|1|2|0|0|-1|0|0|0|0|1|1|1|0|0|1|0|3|3|-0.875
33|1.2696816647458082|-0.008427552023306584|11|2|21|5|2|1|1|12|3|25|5|0|0|1|0|0|-2|0|0|0|0|0|0|0|1|0|0|0|3|2|-0.875
17|1.7454231747857072|-0.1752090979632619|18|1|5|1|0|1|0|15|0|10|1|0|0|0|-2|0|1|0|0|-1|0|1|0|0|0|0|0|0|3|2|-0.5
9|1.7871399933425627|-0.2651238160955942|7|0|5|0|0|0|0|12|0|7|0|0|3|0|0|0|0|0|0|0|0|1|0|2|0|0|0|0|1|1|0.125
55|1.0225934670385324|-0.008089019063178382|3|3|8|3|2|0|3|1|2|8|5|3|0|3|0|0|-1|0|0|0|-2|1|0|-2|-1|0|0|1|3|3|-0.875
57|1.0320776688551963|-5.728155152713299E-4|1|0|4|6|2|0|0|0|1|9|3|2|0|0|0|0|-2|-1|0|0|0|0|-1|-4|0|1|0|0|3|3|-0.875
18|1.3232851060922646|-0.07784030035836853|12|2|10|2|0|0|1|9|2|17|1|0|1|0|5|0|-5|1|0|0|1|-4|0|7|-1|0|1|-1|2|2|-0.375
1|0.0|NaN|0|0|0|0|0|0|0|4|0|0|0|0|0|0|0|0|0|0|0|0|0|4|0|0|0|0|0|0|0|1|0.0
5|3.5479233559581203|0.6337097935850253|2|0|6|0|0|0|0|9|0|3|0|0|0|0|0|0|0|0|0|0|0|1|0|3|0|0|0|0|1|1|0.125
29|1.4772773910739616|0.018668664604501117|13|1|17|3|1|3|2|18|1|16|2|3|2|1|0|0|0|0|0|0|0|-1|0|0|0|1|0|0|3|3|-0.875
40|1.1283890728527861|-0.013912888082714847|8|2|21|9|0|0|0|9|1|25|6|1|1|4|-1|1|-4|3|-1|-1|-4|1|-1|4|-4|1|1|4|3|3|-0.875
17|1.5366127938160274|-0.1107925482072385|16|2|5|1|0|3|0|14|1|11|4|0|1|1|0|-1|0|1|0|0|0|2|0|0|1|0|0|0|2|2|-0.125
3|2.3874258867227933|0.3874258867227933|4|0|0|0|0|0|0|8|0|0|0|0|0|0|0|0|0|0|0|0|0|4|0|0|0|0|0|0|1|1|0.0
50|1.0897056274847714|-0.0018307270915258744|4|1|19|6|0|0|1|5|0|13|2|6|1|2|-1|1|6|4|-6|-1|-1|0|-1|-7|-4|6|1|1|3|3|-0.875
11|2.1900756954275056|0.04667785540648772|12|1|4|1|0|0|0|13|0|8|1|0|0|0|0|0|0|0|0|0|0|3|0|-1|1|0|0|0|2|2|-0.125
48|1.077528111494549|-0.0016495342871181151|2|0|20|7|4|0|0|3|1|22|9|2|0|7|0|-1|-3|-1|2|0|-7|1|1|1|1|-2|0|7|3|3|-0.875
17|1.6358727467397252|0.022757953328766956|11|0|15|2|0|0|0|12|2|13|1|0|1|1|0|0|0|0|0|0|0|0|0|0|1|0|0|0|2|2|0.125
7|2.2385780539585673|-0.3623471586187641|5|1|5|0|0|0|0|4|0|10|1|0|0|0|-1|0|1|0|0|0|0|2|0|0|1|0|0|0|2|2|-0.125
6|2.503294139639514|-0.21781611545328383|6|0|3|0|0|0|0|5|1|5|0|0|0|0|2|0|-1|0|0|0|0|-1|1|1|0|0|0|0|1|2|0.0
11|1.6648825908167966|-0.013113396694207857|5|1|9|0|0|0|0|12|0|9|1|0|1|0|0|0|0|0|0|0|0|1|0|2|0|0|0|0|2|2|0.0
13|1.7430566679125556|0.041084275798936254|11|0|10|0|0|1|0|7|4|11|0|0|0|0|0|0|0|0|0|0|0|0|0|3|0|0|0|0|2|2|0.0
37|1.219880078759769|0.005398152322592553|7|4|23|6|3|0|3|9|2|16|7|3|0|2|-1|0|1|0|0|0|0|1|0|0|0|0|0|0|3|3|-0.875
36|1.294840877186959|0.003410648148175266|13|5|20|4|1|0|4|6|2|17|9|1|0|1|6|3|3|-3|0|0|3|-7|-3|-4|5|0|0|-3|3|3|-0.875
44|1.160706086633306|-0.003737350851937382|4|0|19|6|3|1|2|5|3|18|11|1|1|9|-4|-3|3|-4|2|-1|-5|0|2|0|5|-2|0|7|3|3|-0.875
59|1.0479394427923083|-8.265421171087528E-4|0|2|9|2|2|0|5|0|0|12|4|2|0|4|0|0|-3|0|0|0|0|0|0|0|0|0|0|0|3|3|-0.875
44|1.1191509247072564|-0.00277095173737818|5|0|23|7|2|0|4|7|3|22|5|2|0|6|-3|-2|1|2|0|0|-1|1|2|0|-1|0|0|2|3|3|-0.875
28|1.6331212092327703|-0.06922922913824303|14|4|14|4|0|0|2|11|1|16|3|0|2|0|3|4|-2|1|0|-2|2|-4|-3|0|-1|0|2|-2|3|3|-0.875
13|1.4525866932235956|0.1424742472453988|7|1|11|1|0|1|0|9|1|13|0|0|0|0|0|0|0|0|0|0|0|1|0|2|0|0|0|0|2|2|-0.125
24|1.3167135899788143|-0.031779441406604825|8|2|18|4|0|1|3|18|1|13|2|1|0|1|-10|0|6|2|0|1|2|9|-1|-5|-2|1|-1|-2|2|3|-0.875
11|2.2601078525074834|-0.15904191159209669|12|1|5|0|0|0|0|17|3|1|0|0|1|1|0|0|0|0|0|0|0|2|1|0|0|0|0|1|2|2|0.25
42|1.1741359166424943|-0.028637461381524343|7|0|38|2|1|2|0|7|3|24|6|1|1|10|0|-3|14|-3|0|1|-8|-2|3|-13|2|0|-1|8|3|3|-0.625
61|1.0203711588052342|-3.395193134205776E-4|1|0|5|1|0|0|0|0|0|4|3|2|0|2|0|0|-3|0|0|0|-1|0|0|-2|-2|0|0|-1|3|4|1.0
12|1.5304215151659795|0.042688953166729604|12|1|8|1|0|1|0|13|0|7|0|0|0|0|0|1|1|1|0|1|0|1|-1|-1|-1|0|-1|0|2|2|-0.25
17|1.8579563667521537|-0.3649093231274074|12|2|10|2|0|0|0|17|1|8|1|1|1|1|-1|-1|1|1|0|0|0|2|0|2|0|0|0|0|2|3|0.125
32|1.4015731111321974|0.019304093189284055|14|3|18|3|1|1|2|9|4|23|4|1|0|1|5|-1|-3|-1|0|1|1|-5|1|5|1|0|-1|-1|3|3|-0.875
54|1.0153412430508553|-0.008104807649508494|1|1|13|2|3|0|2|1|2|17|5|2|0|4|0|-1|-2|-4|1|0|-2|0|1|2|1|-2|0|0|3|3|-0.875
48|1.0726100286299702|-0.0015448942261695464|2|0|16|6|1|0|1|7|0|17|7|4|1|3|-5|-1|1|-2|-1|-1|-2|5|0|-1|1|2|1|2|3|3|-0.875
12|1.755147716398337|-0.3089869587865204|11|0|9|0|0|1|0|17|0|4|1|0|0|0|-3|0|6|-1|0|1|0|6|0|-5|1|0|-1|0|1|2|0.0
1|0.0|NaN|0|0|0|0|0|0|0|4|0|0|0|0|0|0|0|0|0|0|0|0|0|4|0|0|0|0|0|0|0|1|0.0
60|1.0207106781186546|-3.5102844268908306E-4|0|0|11|3|0|0|0|1|0|5|6|4|0|1|-2|0|3|-3|-3|0|-1|1|0|-7|2|4|0|1|3|3|1.0
8|1.705944879300869|-0.125359679222097|13|0|3|0|0|1|0|7|1|5|0|0|0|0|7|0|-1|0|0|1|0|-7|1|3|0|0|-1|0|1|2|-0.125
8|2.0456322727489686|-1.3576893413513154|9|2|1|1|0|0|0|5|0|9|0|0|0|0|5|2|-6|1|0|0|0|-4|-3|8|0|0|0|0|2|1|-0.25
4|3.58113883008419|-0.9711459197466032|1|0|6|0|0|0|0|8|0|0|0|0|0|0|-3|0|6|0|0|0|0|7|0|-6|0|0|0|0|1|1|0.0
37|1.192675410932215|-0.005352094748116931|5|0|16|6|1|0|3|10|1|19|9|1|0|6|-1|0|1|0|-1|0|0|-2|1|0|1|0|-1|1|3|3|-0.875
60|1.0442809041582062|-7.505237992915248E-4|0|0|8|5|3|0|5|0|0|6|5|1|0|3|0|0|0|-1|3|0|2|0|0|-5|0|-2|0|-2|3|3|-1.0
49|1.0542215152957628|-0.009759064118101346|2|2|27|7|0|0|5|4|1|20|9|1|0|5|0|0|-3|0|0|0|0|0|0|-1|-1|0|0|0|3|3|-0.875
2|5.0990195135927845|5.0990195135927845|4|0|0|0|0|0|0|1|0|2|0|0|0|0|4|0|0|0|0|0|0|-3|0|2|0|0|0|0|1|1|0.0
9|2.574019397033393|-0.45912986382827237|8|0|5|1|0|0|0|13|2|2|0|0|0|0|0|0|0|0|0|0|0|1|0|2|0|0|0|0|2|2|0.125
20|1.3389635872182424|-0.058047137353602896|11|0|19|2|0|1|0|15|1|16|1|0|1|0|-2|-1|4|0|0|0|0|2|1|-1|-1|0|0|0|2|3|-0.125
51|1.0162436691126704|-3.248733822533989E-4|3|0|22|6|2|0|3|4|1|16|5|0|1|2|-1|0|-2|0|0|0|0|0|0|-3|0|0|0|0|3|3|-0.875
63|1.0355974712241156|-5.741527616791586E-4|0|0|1|1|1|0|0|0|0|0|1|1|0|0|0|0|0|-3|-1|0|0|0|0|-2|-1|0|0|0|3|4|1.0
50|1.142711258282229|0.017495688606485205|6|0|20|7|2|1|1|3|2|19|8|1|1|6|3|-2|-1|-2|1|0|-6|-3|2|-1|1|-1|0|5|3|4|1.0
40|1.1457106781186546|-0.014357031807480825|4|0|36|3|2|0|1|8|2|25|5|0|1|2|-4|-2|9|-1|2|-1|0|3|1|-11|3|-2|0|1|3|3|-0.875
20|1.9642347577520423|-0.1044210313467957|10|1|19|2|0|0|2|21|3|6|0|0|3|1|-9|-2|14|2|0|-2|1|9|2|-11|-2|0|3|-1|3|4|1.0
62|1.0294907600765513|-4.834550832222284E-4|0|0|4|0|0|0|0|0|0|3|0|0|0|0|0|0|-2|-1|-1|0|-2|0|0|-2|-1|0|0|0|3|4|1.0
9|1.2682459513747883|-0.08530743921848538|9|0|6|0|0|0|0|10|0|6|1|0|0|0|-1|0|0|0|0|0|0|3|0|0|0|0|0|0|1|2|0.0
31|1.1635828326408217|0.008354357657742284|11|3|22|3|1|1|1|9|2|23|5|1|0|3|-1|0|1|0|0|0|0|-3|0|1|1|0|-1|0|3|3|-0.375
55|1.0784310636179046|-0.0014524271040352588|0|1|15|7|3|0|3|2|0|14|5|3|0|4|0|-1|-1|0|0|0|0|0|-1|-1|1|1|0|2|3|3|-0.875
48|1.1191947781612157|-0.002536059109813138|5|0|27|9|1|1|3|1|2|18|9|1|0|3|4|-2|7|2|0|1|0|-5|2|-9|0|0|-2|0|3|3|-0.875
13|2.3796665250506868|0.21836112291244314|8|1|9|1|1|0|0|9|1|11|1|1|0|0|0|0|0|0|0|0|0|1|0|2|0|0|0|0|3|3|-0.5
19|1.586776581175213|-0.03259869895417844|12|1|18|1|0|1|0|17|1|11|2|0|0|0|-2|0|2|0|0|0|0|0|0|0|1|0|0|0|2|2|0.0
14|2.0041978893768992|-0.284842052221995|10|1|13|1|0|1|0|14|0|11|1|0|1|0|-3|1|3|1|0|1|0|2|-1|0|0|0|0|0|2|2|-0.125
10|3.8861031254155023|0.012655208287166264|7|1|7|2|0|0|1|11|0|3|1|1|0|0|-2|1|3|1|0|0|1|4|-1|-4|-1|1|0|-1|2|3|-0.5
39|1.3128220004194213|-0.03454794737945854|6|3|20|5|5|0|3|8|2|21|10|1|1|2|-2|0|1|0|0|0|0|-1|0|1|1|0|0|0|3|3|-0.875
39|1.2252780629226754|-0.0059283700769123815|10|2|23|4|0|1|4|2|2|12|14|2|0|5|0|0|-3|0|0|0|0|0|0|-4|1|0|0|1|3|3|-0.875
47|1.0352522180743058|-7.663525668328841E-4|2|1|19|8|1|0|1|4|3|21|5|2|0|3|0|-1|-2|0|0|0|-1|-1|1|1|0|0|0|0|3|3|-0.875
50|1.0331370849898476|-6.762670406093019E-4|2|1|24|8|3|0|6|3|1|24|6|2|0|4|-1|0|-2|3|1|0|2|1|0|-2|-2|0|0|-2|3|3|-0.875
30|1.110237859645509|-0.01808453179374525|10|4|22|1|1|0|2|11|3|16|0|1|0|0|-3|3|7|1|0|0|2|-2|-1|-3|-1|0|-1|-2|3|3|-0.75
21|1.4046892144026746|-0.04094513883878825|11|0|14|2|0|0|0|11|0|12|5|2|1|4|-1|-1|1|1|0|0|0|0|-1|2|0|1|0|1|3|3|0.625
10|2.1585258234786613|-0.08270136234506298|8|0|8|0|0|0|0|11|0|7|1|0|1|0|-1|0|1|0|0|0|0|3|0|-2|1|0|1|0|1|2|0.0
6|2.6262532067976037|-1.1171820222956321|8|0|2|0|0|0|0|12|0|0|0|0|0|0|0|0|2|0|0|0|0|4|0|-2|0|0|0|0|1|1|0.0
24|1.5696747488065423|0.028973618638836518|11|0|20|1|1|0|0|15|3|13|2|0|0|1|-4|-3|8|-1|1|-1|0|4|3|-7|1|-1|0|1|3|3|-0.875
30|1.316615783415205|-0.010917785635007116|7|4|27|2|1|0|3|9|2|27|2|1|1|3|-4|2|1|1|0|-1|1|0|-2|2|0|0|1|0|3|3|-0.875
43|1.1041560154562575|-0.012342132805460704|6|1|22|3|3|0|3|3|2|29|9|2|0|7|-1|0|-1|-1|0|0|-1|0|0|1|1|0|0|0|3|3|-0.875
6|3.446103181221577|-1.57370072149698|7|0|3|1|0|0|0|3|0|6|0|0|0|0|7|0|-2|1|0|0|0|-5|0|4|-1|0|0|0|2|1|-0.125
4|3.87195153608442|0.6530001195869604|5|0|3|0|0|0|0|1|0|5|0|0|0|0|4|0|0|0|0|0|0|-4|0|2|0|0|0|0|1|1|-0.125
46|1.027013927980854|0.008604436319827435|2|0|28|6|1|0|1|4|3|27|5|1|0|8|-2|-3|1|2|0|0|-5|2|3|-2|-1|0|0|7|3|4|1.0
7|2.6177936171909657|-0.12348320713477046|4|0|3|1|0|0|0|6|0|10|0|0|0|0|0|0|0|0|0|0|0|1|0|3|0|0|0|0|2|1|0.0
56|1.0147933415133248|0.007262185833813994|3|0|17|4|4|0|4|3|0|16|3|1|0|2|0|0|0|1|3|0|2|0|0|-2|-1|-2|0|-2|3|3|-0.875
13|1.2944943942112455|-0.15669006931984586|7|1|12|0|0|0|0|15|0|5|1|0|1|0|-3|0|3|0|0|-1|0|1|0|0|1|0|0|0|2|2|0.0
5|2.695206573626348|0.11676777163550822|5|0|2|0|0|0|0|10|1|0|0|0|1|0|0|0|0|0|0|0|0|2|1|0|0|0|0|0|1|2|0.0
2|6.324555320336759|6.324555320336759|4|0|0|0|0|0|0|1|0|3|0|0|0|0|4|0|0|0|0|0|0|-3|0|3|0|0|0|0|1|1|-0.125
46|1.1282498899263405|0.006354748276594435|4|1|18|8|3|1|3|4|1|28|5|2|0|6|-1|0|-11|3|2|1|-1|0|0|9|-3|-1|-1|3|3|3|-0.875
55|1.0301246227180434|-5.578633836673674E-4|0|0|14|8|0|0|1|1|0|12|9|2|0|4|-1|0|-1|0|0|0|0|-1|0|-2|1|0|0|2|3|4|1.0
9|1.930181210179027|-0.39660273716228933|8|0|6|1|0|0|0|7|0|12|0|0|0|0|-2|0|2|0|0|-1|0|2|0|2|0|0|0|0|2|1|-0.125
27|1.1354390462774957|0.010722096772907808|8|1|20|4|0|0|2|12|3|17|4|0|1|1|0|0|-1|0|0|0|0|-2|2|-2|1|0|0|0|2|2|-0.75
29|1.1830046823919058|-0.02132922302732143|9|2|26|2|0|1|1|8|3|26|4|0|0|2|0|0|-1|-1|0|0|0|1|0|1|1|0|0|1|2|3|-0.375
58|1.0214248394330911|-3.758743760191585E-4|1|1|16|3|1|0|1|1|0|14|3|1|0|1|0|1|-2|-1|0|0|-1|0|-1|-4|0|1|0|0|3|4|1.0
34|1.3257342566175774|-0.05792486952256004|9|1|24|7|0|0|4|9|3|22|3|1|0|2|0|-2|5|4|-1|0|2|-1|1|-1|-3|1|0|-2|3|3|-0.875
52|1.039828227151259|-7.809456304166407E-4|2|0|16|9|2|0|4|3|1|17|6|2|0|6|-1|-1|-2|2|1|0|-2|0|1|2|-4|0|0|2|3|3|-0.875
13|1.7421199257236117|-0.1241820019599078|7|1|11|1|0|0|0|8|1|11|0|0|0|0|-3|0|3|0|0|-1|0|0|1|1|0|0|0|0|2|2|-0.125
46|1.1281070049346125|-0.012051568162393389|7|1|18|7|3|0|2|6|1|26|4|1|0|2|1|0|-9|4|2|0|0|-2|0|8|-5|-2|0|-2|3|3|-0.875
16|1.872518735163062|0.024236616155781876|12|2|9|1|0|1|0|12|4|10|0|0|0|1|0|0|-1|1|0|1|0|0|2|1|-1|0|-1|1|3|2|-0.625
21|1.4065062408212172|-0.011418032797395616|9|2|17|2|0|0|0|17|2|13|2|0|1|0|0|0|-1|0|0|0|0|1|0|0|0|0|0|0|3|2|-0.5
44|1.060383051124827|0.00822861654065754|8|2|25|7|1|2|2|5|1|20|3|3|0|2|4|1|5|4|-2|2|0|-3|-1|-6|-4|1|-2|0|3|4|1.0
47|1.0778054095636678|-0.001691421947036309|2|2|21|8|5|0|7|7|0|19|4|3|0|0|0|-1|-1|1|0|0|0|0|-1|-2|0|0|0|-1|3|4|1.0
47|1.0477157593004105|-0.010041941775510876|5|0|20|7|1|0|3|9|1|21|10|0|1|9|0|0|-2|0|0|0|0|1|-1|2|0|0|0|3|3|3|-0.875
10|1.7964036747836243|-0.054060597772491725|14|0|6|0|0|0|0|10|0|6|1|0|1|0|5|0|2|-1|0|0|0|-4|0|0|1|0|1|0|1|2|0.0
57|1.0568884331073558|-0.001015864876917183|1|0|14|4|2|0|3|0|0|15|5|1|0|4|-1|0|-1|-1|0|0|0|0|-1|-1|0|1|0|1|3|3|-0.875
42|1.096930185996797|-0.0023641508779705944|10|4|18|2|4|2|5|5|1|22|1|4|1|1|5|3|-5|-1|2|1|4|-6|-3|4|-1|1|-1|-5|3|3|-0.875
9|2.0317092539762265|0.12103634325297152|4|0|11|0|0|0|0|8|0|9|0|0|0|0|0|0|0|0|0|0|0|0|0|3|0|0|0|0|1|1|0.0
49|1.062674853303377|-0.001305726110487182|6|0|21|5|3|0|2|4|1|14|7|3|0|3|-2|0|0|-1|0|0|-1|-2|0|-1|2|0|0|0|3|3|-0.875
6|1.8240453183331933|-0.4120226591665965|7|1|2|0|0|0|0|7|0|3|1|0|0|0|2|1|-1|0|0|0|0|0|-1|0|1|0|0|0|2|2|-0.125
62|1.0133617278184868|-0.01661248734128673|0|0|6|2|0|0|1|0|0|5|1|1|0|2|0|0|1|1|-1|0|-1|0|0|-5|-1|0|0|1|3|3|-0.875
28|1.3173696256204528|-0.05753472604149046|12|4|14|2|2|1|2|12|0|25|3|0|0|0|3|4|-10|-1|2|1|2|-1|-4|12|1|-2|-2|-2|3|3|-0.75
29|1.240137587546815|-0.008576342412386584|15|1|24|1|1|1|2|15|2|16|4|1|1|0|-1|0|1|0|0|0|0|0|-1|0|0|1|0|0|3|3|-0.875
8|2.341817684994494|0.04500522349969849|9|0|7|0|0|0|0|15|0|1|0|0|0|0|-2|0|6|0|0|0|0|6|0|-6|0|0|0|0|1|1|0.0
15|1.802622130830375|-0.12875872363074103|12|1|11|0|0|0|0|13|0|13|1|0|1|0|-1|0|1|0|0|0|0|2|0|0|1|0|1|0|2|2|-0.125
42|1.189462317362813|-0.004621032130800229|6|2|24|6|1|1|5|3|2|30|8|0|0|6|2|0|-5|-1|1|1|0|-3|-1|6|3|-1|-1|1|3|3|-0.875
33|1.0753115567951081|-0.05392478427087499|8|2|31|1|1|0|0|11|2|21|9|0|1|2|-3|-1|3|1|0|0|-1|0|0|1|1|0|0|0|3|2|-0.625
27|1.3904890284024096|-0.03095009964521167|15|0|16|6|0|0|1|9|3|14|5|2|0|2|0|0|-2|0|0|0|0|-1|1|0|0|0|-1|1|2|3|-0.375
39|1.238982767117509|-0.08643160953346318|9|0|25|5|3|1|3|12|1|22|4|1|1|0|0|0|0|-1|0|0|0|1|1|1|0|0|1|0|3|3|-0.875
60|1.0069035593728848|-1.1700948089643504E-4|0|0|9|5|2|0|2|1|0|8|1|1|0|1|-1|0|-1|3|1|0|1|1|0|-2|-4|-1|0|-1|3|3|-0.875
6|2.3360046421016385|-0.019987332920369916|7|0|3|1|0|0|0|8|0|1|0|0|0|0|0|0|2|1|0|-1|0|1|0|-2|-1|0|0|0|2|3|0.25
2|5.656854249492381|5.656854249492381|4|0|0|0|0|0|0|4|0|0|0|0|0|0|4|0|0|0|0|0|0|0|0|0|0|0|0|0|1|1|0.0
22|1.4074540926753476|-0.03912703119278316|15|4|13|0|0|0|2|18|0|11|2|1|0|0|-2|4|1|-2|0|0|2|3|-4|-4|2|1|0|-2|2|3|-0.75
56|1.04004715512713|-0.008259285772731495|2|1|6|7|3|0|6|1|0|12|7|4|0|3|-1|1|-7|2|-1|0|3|-2|-1|6|-2|2|0|-3|3|3|-0.875
2|3.605551275463989|3.605551275463989|1|0|2|0|0|0|0|1|0|3|0|0|0|0|1|0|2|0|0|0|0|0|0|1|0|0|0|0|1|1|0.0
5|2.107463837598151|0.5039104470048772|1|0|6|0|0|0|0|6|0|4|1|0|0|0|0|0|0|0|0|0|0|4|0|0|0|0|0|0|1|2|0.125
51|1.0162436691126704|-3.248733822533989E-4|3|1|20|5|0|0|3|2|1|22|5|3|0|6|0|0|-5|0|0|0|0|-1|-1|-1|1|1|0|0|3|3|-0.875
63|1.0197244553510998|-3.181363766306955E-4|0|0|3|2|0|0|2|0|0|1|1|1|0|1|0|0|-1|-1|-1|0|-1|0|0|-3|-2|0|0|-2|3|4|1.0
33|1.1556231186094381|-0.02316904863238589|7|1|29|4|0|0|1|13|5|20|3|0|1|7|-1|0|0|0|0|0|0|0|1|2|0|0|0|0|3|3|-0.875
33|1.2307355023857736|-0.012572136801237033|6|6|12|3|1|0|2|9|2|22|6|2|0|0|-1|0|1|0|0|-1|0|1|0|-1|2|0|0|0|3|3|-0.875
43|1.0328886874970487|-7.830639880250789E-4|8|1|24|4|2|0|2|5|0|28|9|2|2|0|0|0|-1|0|0|0|0|0|0|0|0|0|0|0|3|3|-0.875
25|1.5251596081796783|-0.021881650340819903|6|2|18|5|1|0|1|18|5|16|2|1|0|2|0|0|-1|0|0|0|0|1|1|1|0|0|0|1|3|3|-0.75
52|1.0159312908605036|-3.123782521667895E-4|4|1|15|6|3|0|3|1|1|18|6|1|0|5|3|-1|-5|0|2|0|-2|-3|0|1|-1|-2|0|2|3|3|-0.875
62|1.055067960683437|-9.027534538268434E-4|0|0|6|1|0|0|1|0|0|5|1|0|0|0|0|0|0|-1|-1|0|-1|0|0|-4|-2|0|0|-2|3|4|1.0
37|1.2688681652473706|0.02030921763201743|7|1|29|5|1|0|5|7|3|23|9|2|1|3|0|0|0|0|0|0|0|0|0|-1|1|0|0|1|3|3|-0.875
51|1.0798248590561859|-0.00988076842858554|2|0|24|7|1|0|2|2|0|18|5|3|0|3|-2|0|1|-1|0|0|0|-1|0|-1|1|0|0|0|3|3|-0.875
18|1.5269600763465874|-0.054976525241187346|16|0|15|1|0|0|1|15|3|11|1|0|0|0|1|-2|5|0|0|0|1|-4|3|-1|0|0|-1|-1|2|2|-0.5
39|1.2688533685702197|0.003825268257970471|11|1|17|6|1|1|2|7|2|25|3|2|0|3|0|0|0|-1|0|0|0|1|0|0|0|1|0|1|3|3|-0.875
9|1.9041238355975583|0.15726922807135257|7|1|7|0|0|0|0|11|1|4|0|0|1|0|0|0|0|0|0|0|0|3|0|0|0|0|0|0|2|2|0.0
62|1.0133617278184868|-2.1904471833589234E-4|1|0|1|3|1|0|0|0|0|3|0|0|0|0|1|0|-3|2|1|0|-1|-1|0|-1|-5|-1|0|-2|3|4|1.0
8|2.8200779122295687|-0.47883412433744965|8|1|5|0|0|0|0|10|0|5|0|0|0|0|2|1|0|0|0|0|0|2|-1|0|0|0|0|0|2|1|0.0
59|1.0210617065613439|-0.0075047460161108415|1|0|1|5|2|0|3|0|0|10|7|2|0|4|0|0|-1|-1|0|0|-2|0|0|2|-1|-1|0|0|3|4|1.0
17|2.54093441009733|-0.01905415203734595|10|1|10|2|0|2|0|16|1|6|2|1|1|1|0|0|0|0|0|0|0|1|-1|-1|0|1|0|1|3|3|-0.375
17|1.8058181598478789|-0.1276178835842292|17|0|8|2|1|1|0|12|3|12|0|0|0|0|0|0|0|0|1|0|0|1|1|1|0|0|0|0|3|2|-0.375
15|1.4748278329914977|-0.06350295681175666|13|0|11|1|0|0|0|12|0|13|0|0|0|0|-1|0|1|0|0|0|0|0|0|2|0|0|0|0|2|1|0.0
32|1.127220869120796|-0.03636196352002563|11|2|30|2|0|1|1|6|3|31|4|0|0|4|3|1|0|-2|0|1|0|-7|1|3|1|0|-2|3|2|2|-0.5
13|1.713997896121147|0.12068998033726941|8|0|8|1|0|0|1|13|1|9|0|0|0|0|0|0|0|0|0|0|0|1|0|3|0|0|0|0|3|2|-0.5
57|1.0507530215261782|-9.063039558248054E-4|0|3|12|6|2|0|6|0|0|14|7|0|0|3|0|0|-4|0|-1|0|0|0|0|-1|-1|0|0|0|3|3|-0.875
56|1.0831581115980782|-0.0015119656654196678|1|0|6|9|4|0|6|1|0|9|7|2|0|3|-2|0|-4|3|1|0|4|0|0|2|-2|-2|0|-3|3|4|1.0
1|0.0|NaN|0|0|0|0|0|0|0|4|0|0|0|0|0|0|0|0|0|0|0|0|0|4|0|0|0|0|0|0|0|1|0.125
13|1.6833559239928262|0.09542260006278025|14|1|4|1|0|0|0|11|1|9|1|0|1|1|0|0|0|0|0|0|0|0|0|3|0|0|0|0|2|2|-0.125
1|0.0|NaN|0|0|0|0|0|0|0|1|0|3|0|0|0|0|0|0|0|0|0|0|0|1|0|3|0|0|0|0|0|1|0.0
55|1.0225934670385324|-0.02660753758169676|1|0|9|8|1|0|3|1|1|15|6|0|0|2|-1|0|-1|0|0|0|0|0|0|0|1|0|0|0|3|3|-0.875
8|1.6747932047085212|0.21249777935140846|11|0|5|0|0|2|0|7|1|4|0|0|0|0|6|0|1|0|0|2|0|-4|1|-1|0|0|-2|0|1|2|-0.125
59|1.0309902902499353|-5.34315349136838E-4|0|0|9|6|1|0|5|0|0|11|5|2|0|4|-1|0|0|0|-2|0|-1|0|0|-3|-1|0|0|-1|3|4|1.0
32|1.2720462945947948|-0.04103375143854171|8|2|20|7|1|1|3|12|1|18|7|2|0|3|-3|0|4|0|0|1|0|2|-1|0|-1|1|-1|0|3|3|-0.875
50|1.0579898987322331|-0.021591630586372146|3|2|24|6|1|0|5|3|1|19|2|3|0|3|0|1|5|4|-2|0|2|0|-1|-6|-4|1|0|-2|3|4|1.0
26|1.283777061585798|0.028648917536568064|12|4|13|4|1|0|1|12|2|19|3|0|0|1|2|2|-8|3|1|0|0|0|-2|6|-1|-1|0|0|3|2|-0.75
40|1.1533890728527862|0.006687807423597647|6|1|19|8|2|0|2|9|2|26|5|3|1|2|-3|-1|-7|3|-1|-1|0|3|1|6|-3|1|1|0|3|3|-0.875
11|2.083569070404432|-0.12458467305728105|10|1|7|0|0|2|0|9|0|11|1|0|0|0|0|0|0|0|0|0|0|1|0|2|0|0|0|0|2|2|-0.25
21|1.9110415541839427|0.004447922290802708|11|2|15|2|0|0|1|15|2|14|1|1|0|2|0|0|0|0|0|0|0|-1|0|-1|0|1|-1|0|2|3|-0.25
12|1.5792370516348881|-0.24347786956615192|17|0|7|0|0|4|0|11|1|7|0|0|0|0|10|-1|0|0|0|4|0|-6|1|0|0|0|-4|0|1|2|-0.25
62|1.0|0.0|0|0|0|3|0|0|0|0|0|3|5|2|0|4|0|0|-5|-2|-2|0|-4|0|0|1|1|2|0|4|3|3|1.0
32|1.2723367700662145|0.023473007417218916|11|3|22|6|0|1|3|9|4|21|6|1|0|3|1|-1|3|1|-1|1|0|-2|1|-1|0|1|-1|0|2|3|-0.875
21|1.6006795989871685|0.008162621175652252|15|1|14|0|0|1|0|18|2|15|1|1|2|0|0|0|0|0|0|0|0|1|0|3|0|0|0|0|3|3|-0.75
32|1.1379441738241591|-0.031173267695818074|8|2|29|2|2|2|3|9|2|28|4|0|0|3|-1|0|2|-2|2|2|1|-1|0|1|2|-2|-3|0|3|3|-0.875
54|1.0535726338331883|-0.0010108044119470083|1|1|21|4|0|0|4|1|2|22|5|1|0|3|0|-2|-1|-3|0|0|1|0|1|1|-1|1|0|-1|3|3|-0.875
40|1.1033890728527862|-0.01327186244168943|7|1|27|7|1|1|3|6|3|19|9|2|0|7|0|-2|7|-2|0|1|-3|-2|2|-8|2|1|-1|4|3|3|-0.875
38|1.1830899297167936|-0.004948376478832284|8|1|26|4|2|0|3|8|3|22|7|1|2|0|-2|-1|3|-3|2|-2|3|-2|2|-2|3|-1|2|-3|3|3|-0.875
29|1.3183912231735815|-0.03459545582308787|14|3|18|5|0|2|1|11|2|18|0|2|1|0|-3|-1|3|1|0|-2|0|-1|0|2|0|-1|0|-1|2|4|1.0
16|1.8021974851419122|-0.025865594851254503|11|1|10|2|0|0|0|14|2|10|1|0|0|0|-2|-1|2|1|0|0|0|3|1|-1|-1|0|0|0|2|2|-0.125
35|1.2993916761319737|0.020606127172589028|13|1|28|2|2|3|4|4|2|27|7|2|0|4|0|0|0|0|0|0|0|-1|1|1|0|0|0|1|3|3|-0.875
31|1.2750753497471008|-0.009169178324903493|10|2|22|2|1|1|2|7|2|23|6|2|0|2|-1|-1|1|1|0|0|0|0|0|-1|0|0|0|0|3|3|-0.875
55|1.0997323886225194|-0.0018468960856021788|2|1|8|8|2|0|4|2|0|15|4|1|0|1|-1|0|1|-4|0|0|-1|-1|0|-1|0|0|0|0|3|3|-0.875
12|1.4301898050140316|-0.22092634591036653|9|0|9|0|0|0|0|5|0|17|0|0|0|0|4|0|-4|0|0|0|0|-4|0|7|0|0|0|0|1|2|0.0
23|1.2024719238909731|0.03625127618677393|6|3|15|6|0|0|0|15|1|17|1|0|0|0|0|0|0|0|0|0|0|3|0|-1|1|0|0|0|2|2|-0.25
58|1.0458078318877997|-0.008070550776506868|2|0|11|3|2|0|2|0|0|10|2|2|0|3|2|0|-2|1|0|0|-1|-4|0|0|-2|-1|0|-1|3|3|-0.875
34|1.2340416861540633|0.0054597538248191135|9|0|18|4|3|0|1|17|2|20|3|2|4|3|-9|-1|-2|1|2|-5|-1|7|2|3|-1|-1|4|2|3|3|-0.875
