7|2.519201945023994|-0.9634165197975264|11|0|1|0|0|0|0|9|0|7|0|0|0|0|-1|0|1|0|0|-1|0|3|0|1|0|0|0|0|1|1|0.0
11|2.7019408501580333|-0.0628150532826619|11|2|4|0|0|0|0|14|0|6|1|0|0|0|0|0|0|0|0|0|0|4|0|0|0|0|0|0|2|2|-0.125
11|2.102989737965829|-0.15106305907194262|8|0|6|2|0|0|0|18|1|3|0|0|0|0|0|0|-1|0|0|0|0|1|0|2|0|0|0|0|2|2|0.0
10|2.399947179715971|-0.08402648327361995|9|0|9|0|0|0|0|13|0|5|0|0|0|0|0|0|4|0|0|0|0|4|0|-4|0|0|0|0|1|2|0.0
41|1.3033201461916395|0.0027723354045363635|4|2|19|3|5|0|2|6|2|23|7|3|1|1|0|0|-1|0|0|0|0|0|-1|1|-1|2|0|0|3|3|-0.875
45|1.1142696805273542|-0.012010982793192015|8|2|18|6|4|1|6|6|0|22|11|3|1|5|-2|0|2|0|0|0|0|-1|0|0|0|1|-1|1|3|3|-0.875
51|1.0439733468062604|-8.794669361251728E-4|2|0|18|8|0|0|5|4|0|28|2|3|0|3|0|0|-2|0|-1|0|0|0|0|1|0|-1|0|0|3|4|1.0
63|1.0131496369007331|-2.1209091775364897E-4|0|0|1|0|0|0|0|0|0|3|0|1|0|1|0|0|-4|0|-1|0|-1|0|0|-3|0|0|0|0|3|3|0.0
61|1.0135807725368227|-2.2634620894712576E-4|0|0|6|3|0|0|1|0|0|6|3|1|0|1|0|0|-1|0|-2|0|0|0|0|0|-1|0|0|1|3|3|-0.875
15|1.6574124251721545|-0.10613139642273905|8|2|13|0|0|1|0|12|2|14|0|0|1|0|-2|0|2|0|0|-1|0|1|1|0|0|0|0|0|2|2|-0.125
62|1.0456197923346158|-7.478654481085645E-4|0|0|6|2|1|0|1|0|0|6|0|0|0|0|0|0|-3|2|0|0|1|-1|0|1|-5|-1|0|-2|3|4|1.0
41|1.0909249283258013|-0.0022731232081452113|11|0|19|6|1|1|1|9|0|17|10|3|0|1|0|0|-3|0|0|0|0|0|-1|1|1|1|0|0|3|3|-0.875
39|1.2294390285680181|-0.006037869172842436|7|0|32|5|2|1|3|8|0|18|7|2|0|3|-1|0|1|0|0|0|0|0|0|0|0|0|0|2|3|4|1.0
38|1.1678474631902827|0.00665854322115722|11|2|28|1|1|1|2|5|4|22|5|3|0|6|5|-2|5|-3|-1|1|-2|-6|2|-9|4|2|-1|4|3|3|-0.875
34|1.1216342033562192|0.008866041182329587|8|2|23|4|1|0|1|10|1|25|3|2|0|0|-2|1|-1|2|-1|0|1|1|-1|3|-1|1|0|-1|3|3|-0.75
56|1.0147933415133248|-2.6896984569679816E-4|2|0|12|6|2|0|3|1|0|13|5|2|0|2|1|-1|-3|1|1|0|1|-2|0|1|-1|0|0|-1|3|3|-0.875
38|1.3238719944569806|-0.008753297147485961|7|3|17|10|1|2|3|8|0|23|9|2|1|2|-2|3|-6|1|-1|1|1|1|-3|5|-1|1|-1|-1|3|3|-0.875
13|1.711646746104956|-0.13781036278987258|15|0|8|0|0|1|0|11|0|12|1|0|1|0|0|0|-1|0|0|0|0|3|0|1|0|0|0|0|1|2|-0.125
3|2.824045318333193|0.824045318333193|4|0|0|0|0|0|0|5|0|3|0|0|0|0|0|0|0|0|0|0|0|4|0|0|0|0|0|0|1|1|0.0
20|1.306778145705573|-0.016146218195030038|15|2|12|2|0|2|0|11|2|21|0|0|0|0|4|0|-7|2|0|2|0|-4|0|8|-2|0|-2|0|3|2|-0.625
10|2.5543203766865057|0.18759114560364232|13|0|6|0|0|1|0|10|1|4|0|0|0|0|3|-1|4|0|0|1|0|-3|1|-2|0|0|-1|0|1|2|-0.125
27|1.449465293115239|-0.10328974117750134|13|0|14|5|0|1|0|10|2|20|4|0|0|2|-2|0|-1|0|0|-2|0|-1|1|1|0|0|0|0|2|2|0.25
28|1.2191272469325523|-0.09093315646045697|14|0|23|2|1|0|0|14|4|16|2|0|2|2|0|-4|9|0|1|-2|-2|-3|4|-4|0|-1|2|2|3|3|-0.375
46|1.066762343736206|-0.023705829860804384|4|1|19|7|2|0|3|6|1|23|7|1|0|4|-2|0|-3|0|1|0|-1|2|0|3|0|-1|0|1|3|3|-0.875
14|1.992977802802665|-0.5605360133022259|10|0|13|0|0|1|0|16|0|11|0|0|1|0|-6|0|5|0|0|0|0|5|0|-1|-1|0|0|0|2|1|-0.125
43|1.1179318095782669|-0.01267012790360389|7|1|24|4|0|1|3|8|1|23|8|1|0|2|0|0|0|-1|0|0|0|-1|1|2|0|0|-1|1|3|3|-0.875
56|1.0221900122699872|-4.0345476854519724E-4|1|1|19|2|0|0|0|1|2|18|4|2|0|4|-1|-1|-1|-2|-1|0|-3|-1|1|-4|2|2|0|4|3|3|0.875
59|1.0309902902499355|-5.34315349136838E-4|0|0|10|5|0|0|2|0|1|7|4|2|0|5|0|0|-1|-1|0|0|0|-1|-1|-3|1|0|0|0|3|4|1.0
47|1.1642840287603906|-0.003571391929573675|1|2|27|9|1|0|6|5|2|26|6|2|1|6|-1|0|0|0|0|0|0|0|0|-3|1|0|0|0|3|3|-0.875
54|1.0874323954025622|-0.009465018071238562|1|1|12|12|1|0|6|1|0|17|7|2|0|5|0|1|-2|4|-1|0|1|-1|-2|4|-4|1|0|-1|3|3|-0.875
21|1.5578465067675649|0.0721076746616216|6|2|24|2|0|0|1|11|1|23|2|0|0|2|0|0|0|0|0|0|0|0|0|3|0|0|0|1|2|2|-0.5
49|1.0338133520304564|0.007925004382138168|4|0|17|9|2|0|1|3|2|16|6|3|0|1|0|0|-1|0|0|0|0|0|0|0|-1|1|0|0|3|3|-0.875
62|1.0133617278184868|-0.007009430986747223|0|0|3|1|2|0|2|0|0|4|2|1|0|1|0|0|0|-2|1|0|1|0|0|-1|-2|-2|0|-4|3|3|-1.0
20|1.3121320343559641|0.03620357713915978|14|1|13|0|1|3|1|11|2|19|0|0|1|1|3|-1|-3|0|1|2|0|-3|1|6|0|-1|-2|0|3|2|-0.75
58|1.0142832262887274|-2.5058291734603166E-4|0|0|14|2|3|0|3|2|0|10|5|1|0|1|-2|0|4|-5|2|0|2|2|0|-8|2|-2|0|-2|3|4|1.0
18|1.697212399192397|-0.2980409233621528|15|1|16|1|0|1|1|11|1|16|2|0|2|0|7|0|1|-1|0|0|1|-5|0|1|1|0|1|-1|2|2|-0.5
18|1.5951141187029407|-0.09383024227664372|14|1|7|2|1|1|0|19|1|9|2|0|2|2|-2|0|-1|0|1|0|-1|4|0|3|0|-1|1|2|3|2|-0.5
11|1.8896222230894857|0.11103777769105139|9|1|7|0|0|0|0|10|2|5|2|0|1|0|0|0|0|0|0|0|0|4|0|0|0|0|1|0|2|2|0.125
28|1.4687952749652153|-0.032704031012529944|10|3|18|6|0|2|2|13|5|20|1|0|1|3|-4|-2|1|6|0|1|-1|3|2|2|-6|0|-1|1|2|2|-0.75
29|1.3170167347151014|-0.02611536775314982|14|0|20|3|1|1|0|13|2|21|4|1|1|1|-1|0|1|0|0|0|0|3|0|-1|0|0|0|0|3|3|-0.5
36|1.1130852169962633|-0.0032310061998932493|13|2|21|7|0|1|5|11|3|16|4|1|1|4|2|-2|5|4|0|0|2|-3|-2|-4|0|1|0|-2|3|3|-0.875
13|1.7614996105085898|-0.16701169146898942|4|1|15|0|0|0|0|17|0|10|0|0|1|0|0|0|0|0|0|0|0|1|0|3|0|0|0|0|2|1|0.0
29|1.3073340367182502|-0.025769557110405072|5|3|24|3|0|0|0|9|3|17|5|0|0|1|-3|0|2|0|0|-1|0|-1|0|0|2|0|0|0|2|3|-0.25
63|1.04864277940073|-7.845609580761082E-4|0|0|1|1|0|0|1|0|0|4|1|0|0|1|0|0|-4|-1|0|0|-1|0|0|-3|0|0|0|0|3|3|-1.0
26|1.4496005193203272|0.02201597922718701|14|1|20|1|0|0|1|13|1|15|4|0|1|2|3|1|5|-3|0|-1|0|-1|0|-5|3|0|1|1|3|2|-0.875
52|1.0159312908605036|-3.123782521667895E-4|1|0|16|8|4|0|3|1|2|25|4|2|0|5|0|-3|-8|4|2|0|-3|-1|2|7|-4|-2|0|2|3|4|1.0
54|1.0492010046202291|-9.283208418910949E-4|2|1|12|5|3|0|1|3|1|7|4|1|2|0|-1|0|3|2|2|-2|1|1|0|-6|-2|-2|2|-1|3|3|-0.875
6|2.0214983674153264|0.12707117641541044|9|1|1|0|0|0|0|9|0|2|0|0|0|0|4|1|-1|0|0|0|0|0|-1|1|0|0|0|0|2|1|-0.25
1|0.0|NaN|0|0|0|0|0|0|0|4|0|0|0|0|0|0|0|0|0|0|0|0|0|4|0|0|0|0|0|0|0|1|0.0
42|1.0295866830266496|-0.010824396229262234|7|2|22|4|3|0|1|6|1|24|5|1|0|2|1|1|-1|-1|2|0|-1|-3|-1|2|1|-2|0|1|3|3|-0.875
20|1.2739354332309538|-0.054278670847982546|12|1|19|0|0|2|0|13|1|13|1|0|1|0|1|0|5|0|0|1|0|0|0|-6|1|0|-1|0|2|2|-0.25
4|2.516123775561495|0.8279587414795018|7|0|1|0|0|0|0|7|0|1|0|0|0|0|4|0|0|0|0|0|0|0|0|0|0|0|0|0|1|1|0.0
17|1.9023467671883176|-0.06711997765263278|12|1|15|0|0|1|0|11|3|10|0|0|1|0|-1|0|1|0|0|0|0|1|-1|1|0|-1|0|0|2|4|1.0
20|1.488997993755502|-0.09079294585554165|9|1|14|1|2|2|0|12|1|11|3|0|1|1|-2|0|3|-2|2|1|-1|2|0|-3|2|-1|-1|1|3|2|-0.75
45|1.0276142374915396|0.008786348292762591|9|2|18|9|0|1|3|7|0|21|5|3|0|5|0|0|-1|0|0|0|0|0|-1|-2|1|0|0|0|3|3|-0.875
43|1.1001659485898898|-0.012247131213404261|4|3|24|6|1|0|1|6|2|23|3|1|0|4|-1|0|1|-2|0|0|-1|0|1|-1|0|0|0|1|3|3|-0.875
9|1.3930354653323063|0.3412587700356693|4|1|8|0|0|0|0|6|0|6|2|0|0|0|0|0|0|0|0|0|0|0|0|2|0|0|0|0|2|2|-0.125
19|1.6046402004004954|-0.02369414530706626|17|0|12|1|0|2|0|17|1|14|0|0|0|0|-1|0|1|0|0|0|0|2|0|1|0|-1|0|0|2|4|1.0
34|1.185697308793669|-0.005627191175565871|11|1|26|3|1|1|1|11|1|22|3|2|0|0|-1|0|4|2|-1|1|1|-1|0|-5|0|1|-1|-1|3|3|-0.625
54|1.0306824861017108|-5.78914832107591E-4|1|0|20|6|2|0|1|1|1|18|5|1|0|6|0|-1|0|1|1|0|-5|-1|1|-3|-2|-1|0|5|3|3|-0.875
4|2.8858009417162633|0.4522799151343402|8|0|0|0|0|0|0|5|0|3|0|0|0|0|4|0|0|0|0|0|0|-3|0|3|0|0|0|0|1|1|0.0
19|1.5297102685392623|0.026127207303374478|14|2|13|0|0|1|0|17|1|12|2|0|2|0|0|0|0|0|0|0|0|0|0|3|0|0|0|0|2|2|-0.25
4|3.3988103951543103|-2.2678562715123567|5|0|3|0|0|0|0|5|0|3|0|0|0|0|4|0|0|0|0|0|0|0|0|0|0|0|0|0|1|1|-0.125
40|1.1181980515339462|-0.003030719270101123|7|5|27|6|1|0|3|6|0|24|8|0|0|4|-1|4|4|-2|1|-1|-1|-2|-5|-2|1|-1|-1|1|3|4|1.0
21|1.3337508101069115|0.045115858369644046|4|4|22|1|0|0|0|14|4|12|1|0|3|0|0|0|0|0|0|0|0|-1|1|0|0|0|0|0|2|3|0.25
50|1.0779898987322332|-0.001591630586372128|5|0|22|6|2|0|3|1|1|17|9|2|0|7|3|-1|3|-2|0|0|-2|-5|1|-5|3|-1|0|3|3|4|1.0
36|1.0575296614407077|-0.013478377823251675|6|5|26|5|1|2|0|5|3|21|5|1|0|2|1|2|6|-1|0|2|-2|-4|-2|-2|0|0|-2|2|3|3|-0.5
60|1.0|0.0|1|1|8|3|1|0|2|0|0|9|3|0|0|0|1|1|-3|-1|0|0|2|-2|-2|1|0|-1|0|-4|3|4|1.0
51|1.0602170159189308|-0.0012043403183785717|1|1|12|4|7|0|3|3|2|15|4|2|1|2|-1|0|-1|-1|1|0|-2|0|0|0|0|-1|0|0|3|4|1.0
37|1.1816580905875231|-0.0050460580718756365|12|1|18|6|2|1|3|7|1|25|8|0|0|8|0|0|-3|0|0|0|0|0|0|2|1|0|0|2|3|2|-0.875
13|1.3763786328455514|-0.01169255461214691|15|0|7|0|0|0|0|11|0|12|0|0|0|0|0|0|0|0|0|0|0|1|0|3|0|0|0|0|1|2|0.0
18|1.8640929660898173|-0.401138982451819|14|1|12|2|0|0|1|11|1|13|2|0|1|1|3|0|3|0|0|-1|0|-5|-1|3|1|0|1|0|3|2|-0.625
35|1.21570789932813|-0.023573362851618818|9|1|24|2|0|0|0|12|2|24|4|2|1|4|0|0|-3|0|0|0|0|-1|0|1|1|0|0|0|3|3|-0.5
8|3.6556722498420005|0.3812690100706799|6|0|6|0|0|0|0|1|0|12|1|0|0|0|4|0|-4|0|0|0|0|-5|0|6|1|0|0|0|1|2|0.0
55|1.0150623113590216|-0.00794955321726154|1|0|12|8|2|0|2|3|0|12|5|3|0|9|-1|0|-1|0|0|0|0|0|0|-3|-1|1|0|2|3|3|-0.875
5|1.8828427124746192|0.7792893218813455|3|0|4|0|0|0|0|7|1|3|0|0|0|0|0|0|0|0|0|0|0|4|0|0|0|0|0|0|1|2|0.0
58|1.0243829924547085|-4.2777179745101535E-4|1|0|10|3|3|0|3|2|0|11|5|3|0|3|-1|-1|-3|-3|1|0|-1|1|0|-2|1|0|0|0|3|4|1.0
4|3.4951015969379364|-1.3880102326181198|5|0|3|0|0|0|0|5|0|3|0|0|0|0|4|0|0|0|0|0|0|0|0|0|0|0|0|0|1|1|0.0
7|2.238044198926102|-0.13730510609216795|5|0|6|0|0|0|0|10|0|5|0|0|3|0|-2|0|2|0|0|-1|0|3|0|0|0|0|2|0|1|1|0.125
19|1.8174695203177622|-0.48445492653366307|11|3|16|0|0|1|2|13|1|17|2|0|2|1|-1|0|1|0|0|0|0|3|0|1|0|0|1|0|2|2|-0.625
46|1.124377159820399|-0.002763936884897733|5|0|18|10|2|0|4|6|0|21|9|4|0|6|-1|-1|-2|2|-1|0|-2|1|0|2|-3|2|0|2|3|3|-0.875
4|3.2169892001050897|-0.853378316870903|5|0|3|0|0|0|0|8|0|0|0|0|0|0|1|0|3|0|0|0|0|3|0|-3|0|0|0|0|1|1|0.0
58|1.0357080657218185|-6.264572933651902E-4|1|0|9|8|1|0|4|2|0|7|5|1|0|3|-1|0|2|2|0|0|1|1|0|-3|-3|-1|0|-1|3|3|-0.875
38|1.1460467493811721|-0.030974236469761385|5|5|22|5|1|0|4|8|3|25|1|3|1|1|-3|2|-3|4|-2|-1|4|2|-2|2|-4|2|1|-3|3|3|-0.875
23|1.3250428764849191|-0.060229221658405496|11|0|23|2|1|0|1|10|2|21|2|0|0|0|-1|0|1|0|0|0|0|3|0|1|0|0|0|0|3|2|-0.5
56|1.057904297984273|-0.008583961097406778|1|0|15|6|1|0|2|0|0|11|7|2|0|3|1|0|3|-3|0|0|-1|-1|0|-6|-1|1|0|0|3|3|-0.875
4|6.117038066139074|0.09536205709792345|0|1|4|0|0|0|0|5|0|3|0|0|0|0|-4|1|4|0|0|0|0|5|-1|-1|0|0|0|0|2|1|-0.125
19|1.6169131237757033|-0.011261086744589255|14|0|14|2|0|0|0|14|7|9|1|0|2|0|0|0|0|-1|0|0|0|1|1|1|0|0|1|0|2|2|0.125
27|1.51791684728499|0.009462122123662153|7|1|26|3|0|0|2|11|6|14|4|0|1|4|0|0|0|0|0|0|0|-1|1|0|0|0|0|0|2|3|-0.375
12|1.4910768522493474|0.04626574070460476|11|3|6|0|0|0|0|11|1|11|0|0|0|0|1|2|-2|0|0|0|0|0|-2|5|0|0|0|0|2|2|-0.125
1|0.0|NaN|0|0|0|0|0|0|0|4|0|0|0|0|0|0|0|0|0|0|0|0|0|4|0|0|0|0|0|0|0|1|0.0
10|1.6957417329238151|-0.2913279350658229|11|0|6|0|0|0|0|8|0|8|1|0|0|0|6|0|-1|-1|0|0|0|-4|0|3|1|0|0|0|2|2|-0.125
36|1.1982100809475404|-0.0056631451699296065|8|1|21|6|2|0|2|4|0|19|6|2|0|0|3|0|1|0|1|0|2|-4|-1|-4|0|-1|0|-2|3|4|1.0
49|1.0373148392805345|-7.773924850109637E-4|4|1|17|4|5|0|3|3|2|23|11|1|0|8|-2|0|2|0|0|0|0|-1|0|0|1|0|0|0|3|3|-0.875
32|1.309068741297695|0.022288105119429247|10|2|18|3|4|1|4|10|1|13|7|2|0|0|0|1|2|-5|3|1|4|0|-1|-5|4|-2|-1|-4|3|3|-0.875
32|1.2486692915386919|-0.04027965456576421|8|3|23|4|2|1|4|10|2|25|4|1|0|1|-3|1|-1|1|1|1|3|1|-2|3|1|0|-1|-4|3|3|-0.875
17|1.5092267205583756|-0.14569257098031674|14|1|10|1|1|0|0|18|0|10|2|0|0|0|-2|0|2|0|0|0|0|1|0|1|1|0|0|0|3|2|-0.375
36|1.1821208107251122|-0.021940207095772157|12|2|27|5|0|1|2|11|3|19|7|0|0|4|2|-1|8|-1|0|1|-2|-2|1|-9|2|0|-1|2|3|3|-0.875
16|1.6001133931397962|-0.17334089287598609|8|2|13|1|0|0|2|11|0|14|0|0|0|0|-2|2|2|1|0|0|2|1|-2|2|-1|0|0|-2|2|2|-0.5
51|1.0717030244998507|-0.009718331737458952|2|1|15|7|3|0|4|2|1|19|6|1|0|5|-1|0|-1|-1|0|0|0|0|0|0|0|-1|0|1|3|4|1.0
34|1.2289954251171864|0.005612670825936528|8|2|26|4|0|1|2|18|1|19|4|2|0|1|-10|1|8|1|-2|1|1|10|-1|-7|0|2|-1|-1|3|3|-0.75
57|1.0072669046030367|-1.2976615362569888E-4|1|0|14|6|0|0|2|1|0|13|5|2|0|4|-2|-1|2|1|0|0|-1|0|0|-2|-1|1|0|1|3|3|-0.875
52|1.0670246418122802|-0.02092205180024065|3|0|21|6|0|0|3|3|0|14|12|5|0|7|-1|-1|8|-5|-4|0|-4|0|0|-8|5|5|0|4|3|3|-0.875
44|1.2224055557723714|-0.005172222227264323|7|5|23|7|4|1|9|6|2|14|5|4|0|6|2|3|7|1|0|1|3|-2|-3|-10|-2|0|-1|-3|3|3|-0.875
28|1.3385253094506813|-0.01253797442409943|7|4|25|2|0|1|3|13|0|23|5|1|0|0|-6|4|4|-4|-1|1|3|6|-4|-3|2|1|-1|-3|2|3|-0.75
46|1.1065107594915577|-0.039039828874765314|1|0|14|10|5|0|2|6|1|25|6|4|0|6|-5|-1|-9|4|1|0|-4|5|1|10|-4|-1|0|2|3|3|-0.875
13|1.5439282932204215|0.20467264223163184|13|2|7|0|0|0|0|12|0|11|1|0|0|0|0|0|0|0|0|0|0|0|0|2|1|0|0|0|2|2|-0.25
57|1.02180071380911|-3.8929846087709663E-4|1|0|12|2|2|0|2|0|0|16|8|2|0|3|-1|0|-1|-1|0|0|0|-1|0|-1|-1|0|0|-1|3|4|1.0
26|1.2519144798647905|-0.016939494204743832|11|0|21|3|1|0|1|10|3|20|2|1|0|0|1|-2|0|0|1|0|1|-1|3|-2|-1|0|0|-1|3|3|-0.875
24|1.8812470604164693|0.07496974848032667|11|0|22|3|1|0|2|9|5|20|1|0|0|1|2|-6|3|3|1|0|1|-2|5|-2|-2|-1|0|-1|3|3|-0.875
21|2.1081510732000712|-0.09360415478501416|9|4|9|4|1|0|1|18|4|11|2|0|0|2|0|-1|0|1|0|0|0|0|1|0|1|0|0|1|3|2|-0.875
4|1.618033988749895|-0.6180339887498949|5|1|1|0|0|0|0|7|0|1|0|0|0|0|1|1|1|0|0|0|0|1|-1|1|0|0|0|0|2|1|-0.125
16|1.8361406443880837|0.02666182220744706|10|1|13|1|0|0|0|17|0|8|2|0|3|0|-4|1|4|0|0|-2|0|7|-1|-5|1|0|3|0|3|2|0.0
15|1.8362135844576704|-0.005162968711247329|15|1|9|0|0|2|0|16|2|6|2|0|2|0|0|0|0|0|0|0|0|2|1|0|0|0|1|0|2|2|-0.125
25|1.4282192570813372|-0.01784246904505582|14|2|16|2|0|1|1|12|1|17|4|1|1|2|-1|0|0|0|0|0|0|0|0|0|2|0|0|1|3|3|-0.875
33|1.4284684796134428|-0.013389639987920088|15|1|17|3|1|1|1|9|1|22|5|2|0|4|-1|0|-1|-1|0|0|-1|-2|1|1|1|0|0|0|3|3|-0.75
29|1.4086323984907008|-0.014594014231810837|9|1|19|6|1|0|1|10|3|20|4|0|0|4|0|0|-2|0|1|0|0|-3|0|2|1|0|-1|1|3|3|-0.75
46|1.1116426720459014|-0.01168569409819975|9|2|25|7|0|0|5|2|1|19|5|4|0|2|7|1|4|2|-4|0|3|-9|-1|-6|-2|4|-1|-3|3|3|-0.875
9|1.914816163559317|0.13564797955508512|8|1|6|0|0|0|0|4|1|11|0|0|0|0|0|0|0|0|0|0|0|-1|1|3|0|0|0|0|2|2|-0.125
36|1.1751982163712575|-0.005005663324892939|8|0|27|6|0|1|1|9|1|25|6|1|1|4|-2|-1|3|1|-1|0|-4|1|-1|-2|2|1|0|3|2|4|1.0
1|0.0|NaN|0|0|0|0|0|0|0|4|0|0|0|0|0|0|0|0|0|0|0|0|0|4|0|0|0|0|0|0|0|1|0.0
32|1.1818478721768988|-0.019227788211290342|13|0|21|4|1|1|1|10|1|19|3|1|2|0|3|-1|4|1|0|-1|1|-4|1|-3|-1|0|1|-1|3|3|-0.75
37|1.1498163180233796|-0.004161564389538519|8|2|28|3|2|0|0|9|1|24|6|2|0|2|0|0|-1|0|1|0|0|0|0|2|0|0|0|0|3|4|1.0
9|1.6727999874622832|-0.354384705953833|10|0|5|0|0|0|0|8|1|9|0|0|0|0|-1|0|1|0|0|0|0|0|0|4|0|0|0|0|1|2|0.0
12|1.8897182572774553|-0.5237170891536731|6|2|10|0|0|0|0|11|0|11|0|0|0|0|-3|2|1|0|0|0|0|5|-2|-1|0|0|0|0|2|2|-0.125
38|1.128761111236636|0.007714931111796108|12|0|23|3|1|1|0|5|3|21|7|1|0|5|6|-3|1|-3|1|1|-4|-8|3|-2|4|0|-1|5|3|3|-0.625
11|2.109162986916475|0.012690499058331195|7|0|10|1|0|0|0|10|0|10|1|0|0|0|0|0|0|0|0|0|0|4|0|0|0|0|0|0|2|2|0.0
53|1.0657600259290294|-0.0012646158832505527|3|0|15|7|3|1|5|1|0|23|8|1|0|2|0|0|-1|-1|0|0|-1|0|0|-1|0|0|0|0|3|3|-0.875
10|2.7838896747497843|-0.49444879325862123|9|0|9|1|0|1|0|9|1|6|1|0|0|0|3|-1|4|0|0|1|0|-1|1|-2|0|0|-1|0|2|2|-0.125
11|1.738999109499269|-0.07389991094992698|9|0|10|0|0|0|0|10|1|7|1|1|2|0|-1|0|1|0|0|0|0|2|0|1|-1|1|1|0|1|3|0.25
48|1.1020728111794096|0.006641292578589031|7|0|24|6|3|1|7|2|0|13|11|1|0|5|4|-1|11|-5|2|1|3|-6|0|-10|5|-2|-1|-2|3|3|-0.875
11|1.835173872465313|0.040089410503447276|7|0|9|1|0|0|0|12|2|5|0|0|1|1|0|0|0|0|0|0|0|2|1|0|0|0|1|1|2|2|0.375
11|2.180973162264961|0.08190268377350396|12|0|6|0|0|0|0|17|1|3|1|0|1|1|0|0|0|0|0|0|0|2|1|0|0|0|0|1|1|2|0.25
29|1.4605435505829765|-0.016447983949392286|13|2|9|7|1|1|3|16|1|20|4|0|1|0|0|0|-1|0|0|0|0|0|0|1|0|0|0|0|3|3|-0.875
44|1.060383051124827|-0.011037130546463159|5|2|24|7|1|0|1|3|0|22|11|3|0|4|2|2|1|-4|-2|0|-3|-3|-2|-2|4|2|0|3|3|3|-0.875
55|1.0150623113590216|-2.789316918336837E-4|1|1|13|4|2|0|1|2|0|20|2|2|0|2|0|0|-1|0|-2|0|0|0|0|1|0|-1|0|0|3|4|1.0
40|1.0871320343559643|0.008386705846593179|3|3|22|2|2|0|0|7|3|20|7|2|0|0|-4|0|1|-8|2|0|-1|4|0|-3|4|0|0|-1|3|4|1.0
52|1.139281551675371|0.005390823739171324|4|1|18|7|2|0|9|4|0|16|4|0|1|1|0|1|-2|2|1|-1|6|0|-1|-3|-3|-2|1|-8|3|4|1.0
53|1.0800498242852694|-0.001539419697793587|1|0|17|7|3|0|5|4|1|21|6|1|1|4|-1|0|0|0|0|0|0|0|0|0|0|-1|0|0|3|4|1.0
63|1.0262992738014665|-4.2418183550729793E-4|0|0|1|0|0|0|0|0|0|3|1|0|0|1|-1|0|0|0|-1|0|0|0|0|-2|-2|-1|0|-2|3|4|1.0
32|1.241292167241824|-0.013318227177278263|15|0|21|6|0|0|2|10|1|22|4|2|0|3|6|0|-1|2|-2|0|-1|-5|0|0|-1|2|0|0|3|3|-0.875
60|1.0344082517040996|-0.007603759560630641|0|0|7|3|1|0|0|0|0|3|2|0|0|0|0|0|3|1|0|0|0|-1|0|-5|-1|-1|0|0|3|4|1.0
36|1.2047675247669787|0.02946572722093732|11|2|24|5|2|1|1|8|0|26|3|1|0|0|3|2|-4|3|1|1|1|-3|-2|2|-2|-1|-1|-1|3|3|-0.875
44|1.2835451399807534|-0.006594073022808233|10|1|16|7|2|0|4|9|1|13|8|2|1|8|2|0|0|-2|-1|-1|-5|-1|0|-3|0|0|1|4|3|4|1.0
24|1.3312851924841107|-0.014403704021048291|16|0|15|4|0|1|0|16|1|18|3|0|0|1|-1|-1|-2|2|0|1|-1|-1|1|4|-1|0|-1|1|2|2|0.0
60|1.0276142374915396|-4.6803792358529606E-4|1|0|8|3|1|0|2|0|0|10|0|1|0|1|1|0|-3|1|-1|0|1|-1|0|1|-4|-1|0|-3|3|4|1.0
43|1.1137888889998175|-0.002709259261900465|5|2|33|6|0|0|3|9|0|25|6|2|1|4|-1|-1|0|0|0|0|-1|1|-1|1|0|1|0|0|3|3|-0.875
37|1.221623189631282|-0.017662132000121566|7|2|18|5|2|0|3|9|3|23|6|3|0|3|-1|0|-2|0|0|0|0|-1|-1|-1|2|1|0|0|3|3|-0.875
32|1.7101639457772035|0.009349550136219298|4|4|18|6|1|0|3|11|4|19|8|1|0|3|-10|1|0|0|0|0|1|7|0|1|2|0|0|0|3|3|-0.875
18|1.5539201526931745|-0.10529341942311565|14|2|11|1|0|0|0|13|1|16|0|0|2|0|1|2|-3|1|0|-2|0|-1|-1|3|-1|0|2|0|2|2|-0.125
51|1.0439733468062604|-8.794669361251728E-4|2|1|11|9|1|0|1|3|3|22|6|4|1|5|0|0|-1|-2|0|0|0|-1|0|-1|0|0|0|0|3|4|1.0
60|1.0069035593728848|-1.1700948089643504E-4|0|0|8|4|2|0|2|0|0|8|5|0|0|1|0|0|0|-2|1|0|1|0|0|0|0|-2|0|-1|3|4|1.0
43|1.1179318095782669|0.007054327447496123|5|3|23|8|1|0|6|7|2|18|4|4|0|2|-1|0|0|0|0|0|0|-2|1|-1|0|1|0|0|3|3|-0.875
55|1.0784310636179049|-0.009123048629462893|2|0|14|4|2|0|2|1|2|17|5|3|0|5|0|0|-3|0|0|0|0|0|0|1|-1|0|0|0|3|3|-0.875
41|1.3376528499173368|-0.008441321247933287|9|2|22|6|1|1|4|7|1|25|4|2|0|1|-1|-1|0|1|0|0|0|0|0|2|0|0|0|0|3|3|-0.875
33|1.1913244999692352|-0.018923064448197913|12|0|26|6|0|1|3|11|1|24|5|0|0|0|-2|0|2|0|0|0|0|1|-1|2|-1|0|0|-2|3|4|1.0
18|1.549606790388454|-0.04242233327307421|12|1|18|1|0|0|1|13|2|12|1|0|2|0|-2|1|7|0|0|-2|1|0|1|-5|0|0|2|-1|2|2|-0.625
24|1.3127102588364856|-0.030746042755325886|13|2|14|7|0|0|1|15|3|5|2|2|0|3|-3|-1|9|6|-1|0|-1|0|1|-7|-5|2|0|2|2|3|-0.5
23|1.5301515350755626|0.032087111019282855|12|2|14|4|0|0|0|19|4|11|4|0|1|4|0|0|0|0|0|0|0|-1|2|-1|1|0|0|2|2|2|0.375
3|3.1573786516665265|-1.8426213483334735|4|0|0|0|0|0|0|8|0|0|0|0|0|0|0|0|0|0|0|0|0|4|0|0|0|0|0|0|1|1|0.0
5|1.860112615949154|-0.9477752245956057|4|0|4|0|0|0|0|7|0|3|0|0|0|0|0|0|0|0|0|0|0|4|0|0|0|0|0|0|1|2|0.0
25|1.3290709104965743|0.00354761049485508|8|2|20|1|1|0|1|13|4|18|4|0|1|1|-1|0|0|0|0|0|0|1|0|1|1|0|1|0|3|2|-0.875
24|1.5473151214213106|-0.04180559494758307|14|2|22|2|0|1|1|8|3|19|4|0|0|1|8|-1|3|-1|0|1|1|-7|1|-2|2|0|-2|0|2|2|-0.625
50|1.0331370849898476|-6.762670406090798E-4|1|1|17|4|6|0|3|3|2|16|6|1|0|1|-2|-1|1|-2|5|0|2|2|1|-4|2|-5|0|-2|3|3|-0.875
38|1.223296878269436|-0.006035050764038763|9|3|25|10|0|2|2|7|2|20|4|2|0|3|2|1|2|6|-2|2|-1|-3|-1|-5|-6|2|-2|1|3|3|-0.625
27|1.3660602597002496|-0.075071026820275|12|1|15|5|1|1|1|20|3|11|2|0|0|1|-2|0|1|0|0|0|0|1|0|3|0|0|0|0|3|2|-0.875
2|6.708203932499369|6.708203932499369|4|0|0|0|0|0|0|0|0|3|0|0|0|0|4|0|0|0|0|0|0|-4|0|3|0|0|0|0|1|1|-0.125
45|1.099526859213757|-0.011675918672428676|4|0|14|11|0|0|3|7|3|15|9|4|0|6|-1|0|-1|-1|0|0|0|0|0|1|1|0|0|1|3|3|-0.875
61|1.0271615450736455|-4.526924178940295E-4|0|0|7|2|1|0|1|0|0|8|2|1|0|1|0|0|-2|0|0|0|0|0|0|-1|0|-1|0|0|3|4|1.0
30|1.253809052624351|-0.008752036297391408|12|2|18|3|1|1|2|13|0|27|3|0|2|1|-2|2|-6|1|1|-1|2|1|-2|8|0|-1|1|-1|3|3|-0.875
54|1.0153412430508555|-2.8945741605368447E-4|1|0|14|9|3|0|5|1|0|13|7|2|0|4|0|0|-1|2|1|0|1|0|0|-5|-3|-2|0|-3|3|3|-0.875
29|1.2399109423875225|0.027146037771874187|11|3|20|3|0|2|2|17|5|22|2|1|3|3|0|0|0|0|0|0|0|1|0|1|0|0|0|0|2|3|-0.75
62|1.0161290322580645|-2.6441036488633607E-4|1|0|5|2|0|0|1|0|0|5|1|1|0|0|1|-1|-2|0|0|0|0|-1|0|-2|-2|1|0|-2|3|4|1.0
4|3.5495097567963922|0.27252579184795866|5|0|3|0|0|0|0|8|0|0|0|0|0|0|1|0|3|0|0|0|0|3|0|-3|0|0|0|0|1|1|0.0
44|1.1941637219742056|-0.004515435394748968|3|3|30|5|2|0|5|6|0|23|7|1|0|2|-2|3|6|0|1|0|4|3|-3|-8|2|-1|0|-3|3|3|-0.875
34|1.2117664122458067|-0.036720194310479126|15|2|20|6|2|1|2|8|5|23|1|2|0|2|7|-3|-1|5|0|1|0|-8|2|3|-4|0|-1|0|3|3|-0.875
63|1.0|0.0|0|0|3|1|0|0|1|0|0|4|0|0|0|0|0|0|-4|-1|0|0|0|0|0|-1|0|0|0|0|3|3|-1.0
28|1.0147933415133248|-5.479015375307039E-4|12|3|20|2|0|0|0|15|1|24|2|0|2|0|-1|1|-5|0|0|-1|0|2|-2|5|0|0|2|0|3|3|-0.875
4|4.618033988749895|-0.15681778469569174|5|0|3|0|0|0|0|8|0|0|0|0|1|0|1|0|3|0|0|0|0|3|0|-3|0|0|1|0|1|1|0.0
20|1.535274071351672|0.08563176783245852|15|6|9|1|0|0|3|11|0|18|4|0|3|1|5|6|-7|-3|0|-3|3|-4|-6|9|3|0|3|-2|2|2|-0.625
3|3.1903851561974546|-1.90863435739533|4|0|0|0|0|0|0|5|0|3|0|0|0|0|0|0|0|0|0|0|0|4|0|0|0|0|0|0|1|1|0.0
10|2.307768723046357|0.18802569743929398|8|0|9|1|0|0|1|8|0|9|0|0|1|0|1|0|3|1|0|-1|1|0|0|0|-1|0|1|-1|2|2|-0.25
56|1.0221900122699874|-4.0345476854519724E-4|0|0|10|6|1|0|0|2|0|11|4|2|0|1|-2|0|-2|2|-1|0|-1|2|0|-2|-3|1|0|1|3|4|1.0
43|1.1644434374852437|0.0059469077354252775|5|1|19|8|1|0|4|4|0|28|8|2|0|3|-1|0|1|0|0|0|0|-1|0|0|1|0|0|0|3|4|1.0
2|4.0|4.0|4|0|0|0|0|0|0|1|0|3|0|0|0|0|4|0|0|0|0|0|0|-3|0|3|0|0|0|0|1|1|-0.125
56|1.0443800245399744|-0.008338065216601187|1|0|12|6|1|0|0|0|0|13|10|1|0|3|0|0|-1|-3|0|0|-3|-1|-1|0|3|-1|0|1|3|3|-0.875
36|1.1867041486593988|-0.017169077458071058|11|2|25|5|1|2|3|10|1|18|7|1|1|5|1|0|7|-2|1|1|-2|-2|-1|-6|2|-1|-1|2|3|3|-0.875
14|1.9110218798423595|-0.2542669695675672|12|1|9|1|0|0|1|11|0|12|0|0|0|0|4|1|-2|1|0|0|1|-2|-1|4|-1|0|0|-1|3|2|-0.625
35|1.2559262094068042|0.004655510381361472|15|2|18|2|2|0|3|10|1|20|10|0|0|3|0|0|-1|0|-1|0|-1|1|-1|-1|1|0|0|0|3|3|-0.875
55|1.077138921583987|-0.0014284985478514312|1|0|20|4|3|0|3|1|1|15|7|5|0|8|0|0|0|-1|0|0|0|-1|0|-3|0|1|0|0|3|3|-0.875
9|3.249205255761612|0.04454325246279689|5|1|9|0|0|0|1|9|0|9|0|0|0|0|0|0|0|0|0|0|0|4|0|0|0|0|0|0|2|1|-0.25
44|1.1434933749769263|-0.0033370552320215463|4|0|21|9|4|0|5|7|3|18|7|1|0|4|-4|-4|2|3|4|0|1|2|3|-4|-2|-3|0|-1|3|3|-0.875
18|1.5717371035922412|0.09356120921036104|7|1|13|2|0|0|0|12|0|15|2|0|2|0|-1|1|-2|0|0|-1|0|5|-1|2|0|0|2|0|3|2|-0.5
10|2.143397840021018|-0.05976072939522581|6|0|11|0|0|0|0|8|0|7|1|0|0|0|1|0|3|0|0|0|0|2|0|-4|1|0|0|0|1|2|0.0
25|1.2759797974644669|-0.02875805665989839|10|0|18|2|1|0|0|11|2|17|6|0|0|2|-1|0|1|0|0|0|0|-1|0|1|1|0|0|0|3|2|-0.875
26|1.172258025562272|-0.023458863517414885|14|2|19|1|0|2|0|14|3|16|3|0|0|0|-1|0|4|-2|0|2|0|-1|1|-2|1|0|-2|0|3|2|-0.625
62|1.0066808639092435|-1.0952235916783515E-4|0|0|5|3|0|0|2|0|0|4|2|1|0|2|0|0|-1|0|-1|0|-1|0|0|-3|-3|1|0|-1|3|4|1.0
16|1.0776650429449552|-0.11089676537145743|7|3|14|0|0|0|0|9|3|11|1|0|0|0|0|0|5|-1|0|0|0|1|0|-3|1|0|0|0|2|2|-0.25
58|1.0071416131443636|-1.2529145867312685E-4|0|0|10|3|2|0|2|0|0|11|4|0|0|1|0|0|-1|-1|2|0|1|0|0|-2|1|-2|0|-1|3|3|-0.875
60|1.0166666666666666|-2.8248587570622874E-4|0|0|11|3|1|0|1|0|0|5|3|0|0|0|0|0|4|-2|1|0|-1|-1|0|-8|0|-1|0|-1|3|4|1.0
13|1.7894158096120285|-0.08008239040548637|11|0|10|0|0|0|0|15|0|11|0|0|0|0|0|0|-1|0|0|0|0|3|0|1|0|0|0|0|1|1|0.0
26|1.3129062659273638|-0.13225334225231467|14|2|16|4|0|1|3|15|2|19|3|0|0|3|0|0|-2|2|0|1|1|0|0|4|-2|0|-1|0|2|3|-0.875
25|1.4781877929508886|-0.057243021892041446|12|1|20|1|0|1|0|10|4|13|6|0|1|2|0|0|-1|0|0|0|0|1|1|1|0|0|0|1|2|2|0.375
12|1.827914724576144|0.01564411594762327|15|0|6|1|0|1|0|10|0|11|1|0|1|0|5|0|-2|0|0|0|0|-5|0|5|0|0|0|0|2|2|-0.125
18|1.470522969418536|0.09951498180881457|16|0|11|3|0|0|1|13|1|16|1|0|1|0|4|-1|-2|2|0|-1|1|-3|1|5|-2|0|1|-1|2|2|-0.375
43|1.07142018167129|-0.0017004805159832603|4|0|34|2|1|0|3|7|1|26|8|1|0|5|-1|0|1|-1|0|0|0|1|-1|-2|0|0|0|1|3|3|-0.875
18|1.4746224314925032|-0.05189784024977073|8|1|17|2|0|1|0|14|0|15|0|0|2|0|-3|1|2|2|0|0|0|5|-1|-1|-3|0|1|-1|2|3|0.25
53|1.0689972499904223|-0.044328177451734785|3|1|16|3|3|0|2|1|0|21|5|4|0|1|-1|-1|-3|1|0|0|-1|0|-1|1|0|1|0|0|3|3|-0.875
