51|1.0243655036690054|-4.873100733802094E-4|5|1|15|4|3|1|2|2|0|16|7|3|0|1|0|0|-1|-1|0|0|0|0|0|-1|0|0|0|0|3|3|-0.875
1|0.0|NaN|0|0|0|0|0|0|0|4|0|0|0|0|0|0|0|0|0|0|0|0|0|4|0|0|0|0|0|0|0|1|0.125
14|1.2489486695884693|-0.01914989766065167|10|0|12|1|0|0|0|14|2|8|1|0|0|0|-5|-1|5|1|0|0|0|3|2|-4|0|0|0|0|2|2|0.0
10|1.9307135789365266|-0.05738889072926989|12|1|3|0|0|0|0|6|1|7|0|0|0|0|5|1|-3|0|0|0|0|-7|0|5|0|0|0|0|3|2|-0.5
26|1.3898293428504405|-0.06503589281400934|17|2|17|2|1|1|0|14|0|14|7|1|0|1|5|2|2|-5|0|1|-1|-4|-2|-4|5|0|-1|1|3|3|-0.625
24|1.2211306578902195|-0.027623661750578954|16|0|15|4|1|0|0|10|1|22|2|1|0|0|7|-1|-7|3|0|0|0|-7|0|7|-1|0|0|-1|3|3|-0.5
11|1.653953209703449|-0.10615940624570475|14|1|4|0|0|3|1|12|1|5|1|0|1|0|-1|0|1|0|0|0|0|2|0|-2|1|0|0|0|2|2|-0.375
14|1.9738866867977112|-0.016150358792115904|15|0|6|3|0|1|0|8|1|12|2|0|0|0|6|0|-3|1|0|1|0|-7|1|6|-1|0|-1|0|2|2|-0.125
21|1.2360674918684833|-0.03251405271207908|14|2|14|0|0|2|1|13|2|15|1|0|0|0|-3|0|3|0|0|0|0|-1|1|2|-1|0|0|0|2|3|-0.375
63|1.0065748184503664|-1.0604545887704653E-4|0|0|3|0|1|0|0|0|0|1|0|0|0|0|0|0|-3|-1|-1|0|-2|0|0|-3|0|0|0|0|3|3|-1.0
47|1.0952916737152993|-0.011076200784530199|2|0|21|8|1|0|1|4|4|24|4|0|0|0|0|0|-3|-1|0|0|-1|0|0|-1|1|0|0|0|3|3|-0.875
33|1.1108137651361327|-0.016407103984663385|10|0|19|4|2|0|0|5|0|22|12|0|0|1|-1|0|-1|0|0|0|0|1|0|3|0|0|0|0|3|2|-0.875
38|1.1567741402431089|-0.004237138925489603|8|2|21|6|4|1|3|6|1|21|7|1|0|4|2|1|-1|0|4|1|-1|-2|-1|-1|1|-3|-1|1|3|3|-0.875
62|1.0161290322580645|-0.007054796633297666|1|0|1|2|3|0|3|0|0|8|0|0|0|0|1|0|-6|0|3|0|3|-1|0|4|-4|-3|0|-3|3|3|-0.875
15|1.7612073650336837|0.03391861517615036|9|0|12|0|1|0|0|9|0|12|4|0|1|0|0|0|0|0|0|0|0|4|0|0|0|0|1|0|3|2|-0.375
8|2.7979157012554987|-1.0798750311842533|6|1|6|1|0|0|0|15|0|1|0|0|1|0|-6|1|6|1|0|-1|0|8|-1|-4|-1|0|1|0|2|1|0.0
34|1.350242998495788|-0.02316535032936029|8|2|18|7|2|1|0|14|4|14|3|4|2|3|-5|-2|7|4|-2|0|-3|5|2|-3|-5|2|1|3|3|3|-0.875
63|1.0394489107021996|0.006044591155982326|0|0|1|1|0|0|0|0|0|4|1|1|0|2|0|0|0|-1|0|0|0|0|0|-1|-4|0|0|-1|3|4|1.0
12|1.461933647238755|-0.3003229909275029|7|1|12|0|0|0|0|17|1|5|0|0|1|1|-7|0|8|0|0|0|-1|10|0|-8|0|0|1|1|2|2|0.125
14|1.7069156528660236|-0.030542873694986428|18|0|8|0|0|1|0|7|2|10|2|0|0|0|12|-2|0|-2|0|1|0|-11|2|2|2|0|-1|0|1|2|-0.125
18|1.4606259924811298|-0.027095646616537072|13|1|15|0|1|1|0|20|1|6|0|1|2|0|-6|0|9|0|0|-1|0|6|0|-8|0|0|1|0|3|3|-0.5
13|1.7085311413622644|0.024289071553144748|13|2|5|0|0|1|0|9|0|11|1|0|0|0|0|0|0|0|0|0|0|2|0|-1|1|0|0|0|2|2|-0.125
55|1.045186934077065|0.006833826449926583|1|3|17|2|2|0|6|3|0|13|4|2|0|0|0|0|0|0|1|0|0|0|0|-2|0|0|0|0|3|3|-0.875
1|0.0|NaN|0|0|0|0|0|0|0|4|0|0|0|0|0|0|0|0|0|0|0|0|0|4|0|0|0|0|0|0|0|1|0.0
21|1.283999525659888|-0.10529269703932909|11|1|14|2|0|0|0|13|5|14|3|0|0|2|-1|0|-1|0|0|0|0|0|1|1|0|0|0|1|2|2|0.375
34|1.1754114717311073|0.007236426989151168|10|4|17|4|1|2|2|11|0|29|5|1|1|1|-1|4|-10|-2|1|1|1|1|-4|11|1|0|-1|-1|3|3|-0.875
18|1.4650906050895136|0.045351610141780796|13|1|14|2|0|0|0|15|2|10|1|0|1|0|0|0|4|1|0|0|0|2|1|-4|-1|0|1|0|2|2|-0.125
30|1.3376330068163986|0.022840241144262086|18|0|17|7|0|1|1|13|2|16|5|0|0|1|6|-1|0|3|0|1|0|-5|2|-1|-2|0|-1|0|2|3|-0.625
13|1.4652790136570042|-0.2874509240793399|10|0|9|1|0|0|0|17|0|11|0|0|1|0|-1|0|1|0|0|0|0|2|0|2|0|0|1|0|2|1|0.0
21|1.479679148309101|-0.023983957415455226|10|1|16|1|1|2|0|11|4|8|2|2|2|2|0|0|-1|0|0|0|0|0|0|2|-1|1|0|0|3|3|-0.25
38|1.1830899297167932|-0.03197540350585926|8|0|16|7|3|0|3|13|3|20|6|3|2|4|-4|-4|-4|2|1|-2|-1|5|3|2|-1|0|2|1|3|3|-0.875
6|2.9347311666427047|0.11011004151917225|5|0|5|0|0|0|0|5|0|6|0|0|0|0|1|0|1|0|0|0|0|0|0|1|0|0|0|0|1|1|0.0
7|2.8366953536400166|0.12814265363732913|7|0|2|1|0|0|0|6|0|7|0|0|0|0|0|0|0|0|0|0|0|1|0|3|0|0|0|0|2|1|-0.125
51|1.0635811899435155|-0.009555895046332141|1|1|20|6|2|0|4|2|2|22|6|0|0|6|0|0|-1|0|-1|0|0|0|0|-1|0|0|0|0|3|3|-0.875
15|1.7624083995904818|0.016970828600679777|14|1|9|1|0|1|0|9|0|13|2|0|1|0|0|0|0|0|0|0|0|0|0|2|1|0|0|0|2|2|-0.125
36|1.2144819264371765|-0.05327895618028755|11|1|26|6|0|2|2|16|3|16|4|3|1|1|-4|-3|12|2|-2|1|1|5|2|-11|-4|3|-1|-1|2|3|-0.875
27|1.233597621828343|-0.047446062378013076|15|2|17|1|0|2|0|15|2|18|4|1|1|2|-1|0|1|0|0|0|0|0|0|2|0|0|0|0|3|3|-0.875
3|6.163360126977732|0.08059759667951294|1|0|3|0|0|0|0|0|1|6|0|0|0|0|0|0|0|0|0|0|0|-1|1|3|0|0|0|0|1|2|0.0
25|1.381991059059382|-0.042737495388032176|12|1|18|2|0|1|0|12|2|22|4|0|1|0|-1|0|1|0|0|0|0|1|0|1|1|0|0|0|2|2|-0.25
24|1.7495906909197616|0.021151186373044695|8|3|19|1|1|0|2|23|3|13|3|0|1|4|-13|1|6|-2|1|-1|-2|15|0|-6|2|-1|1|2|3|2|-0.75
56|1.04004715512713|-7.281300932204804E-4|1|1|13|5|2|0|4|1|2|12|4|2|0|2|0|-2|-1|1|1|0|2|0|1|-3|-1|0|0|-2|3|3|-0.875
2|1.0|1.0|0|0|2|0|0|0|0|0|0|4|0|0|0|0|0|0|2|0|0|0|0|0|0|1|0|0|0|0|1|1|0.0
32|1.3500018130111697|0.02096768345125266|7|3|20|4|2|0|0|14|1|19|4|1|2|4|-7|2|2|1|1|-2|-4|7|-2|-1|0|-1|2|4|3|3|-0.875
28|1.4120225377587698|-0.03934459546783886|14|2|18|1|2|0|1|13|0|14|7|1|0|0|2|2|1|-4|1|0|1|-1|-3|-4|7|-1|0|-1|3|3|-0.75
32|1.2227809438903736|-0.007186482060979715|13|2|23|1|2|2|1|13|2|23|2|1|0|3|-1|1|1|-2|2|1|1|-2|0|1|1|-1|-2|2|3|3|-0.875
34|1.2665227234347074|-0.020628372297206043|11|1|21|5|0|2|4|10|3|25|5|1|0|5|1|-2|-4|0|-1|2|-1|-1|2|3|0|1|-2|1|3|3|-0.875
24|1.265484620483802|-0.07303035577638695|10|0|20|4|0|0|1|17|2|11|2|0|2|0|-7|-2|9|2|0|-2|1|6|1|-9|-1|0|2|-1|3|3|-0.375
63|1.0065748184503664|-1.0604545887704653E-4|0|0|2|1|1|0|1|0|0|3|1|0|0|1|-1|0|-2|0|0|0|0|0|0|-4|0|0|0|0|3|3|-1.0
47|1.082967977374716|0.007200990978225352|5|1|21|4|1|0|1|6|1|22|8|2|0|5|-1|0|0|0|0|0|0|0|0|-2|1|0|0|1|3|3|-0.875
47|1.065341868337563|-0.001420475398642873|3|1|26|7|1|0|7|3|0|22|6|3|0|2|0|0|-2|0|0|0|0|0|0|1|0|0|0|0|3|3|-0.875
24|1.314574019853523|0.004332154022590018|11|2|22|2|0|0|3|14|1|15|3|0|1|0|0|1|8|-1|0|-1|3|2|-1|-6|1|0|1|-3|2|2|-0.625
40|1.1164213562373095|-0.002985162980443823|7|3|18|6|2|0|3|9|2|26|4|1|1|1|-3|1|-6|3|1|-1|2|2|-2|8|-2|-1|1|-2|3|3|-0.875
5|1.565685424949238|-0.03786796564403572|5|0|3|0|0|0|0|9|0|3|0|0|0|0|-1|0|1|0|0|0|0|3|0|1|0|0|0|0|1|1|0.0
21|1.6366169092916147|-0.011120167345926024|16|1|13|3|0|1|1|13|2|13|0|0|1|2|0|0|-1|0|0|0|0|1|1|1|0|0|1|2|2|3|-0.375
9|2.3699874335953166|0.08975118646437563|10|0|5|0|0|0|0|11|0|6|1|0|2|0|0|0|0|0|0|0|0|4|0|0|0|0|2|0|1|2|0.0
50|1.0531370849898476|-0.017991106321143535|2|2|15|4|3|0|5|3|2|18|4|0|0|2|-1|1|-2|0|3|0|4|0|0|4|-2|-3|0|-4|3|3|-0.875
52|1.0670246418122802|-0.0013142086629858163|2|0|14|9|4|0|3|4|1|17|5|0|0|2|-4|-1|-3|6|4|0|1|2|1|1|-4|-5|0|-1|3|3|-0.875
39|1.0999870496567095|-0.0026312381488606817|8|0|27|7|1|0|4|10|2|23|3|0|0|1|0|0|-1|0|0|0|0|1|0|-1|1|-1|0|-1|3|4|1.0
63|1.0065748184503664|-0.006786909368120542|0|0|2|1|0|0|0|0|0|2|0|0|0|0|0|0|-2|-1|0|0|0|0|0|0|0|0|0|0|3|3|0.0
30|1.2907116450579457|-0.05264757319164581|13|0|24|5|0|0|1|16|2|16|6|0|1|5|-4|-2|11|-1|0|-2|-3|2|2|-7|1|0|1|4|2|3|-0.375
59|1.0210617065613439|-3.631328717472737E-4|0|0|6|3|4|0|3|0|0|7|5|4|0|2|-1|0|1|0|0|0|0|0|-1|-2|-1|1|0|0|3|3|-0.875
60|1.0414213562373094|-7.020568853781661E-4|1|0|6|1|0|0|0|0|0|9|4|2|0|2|1|0|-4|-4|-2|0|-4|-1|0|0|1|2|0|1|3|4|1.0
16|1.8434844373118893|-0.08340835267103253|14|1|8|3|0|0|2|13|1|11|1|0|0|0|4|0|-2|2|0|0|2|-1|-1|3|-1|0|0|-2|2|2|-0.375
37|1.258102066932015|0.004336430428919069|11|0|20|5|1|2|2|10|2|24|8|0|0|4|0|0|-1|0|0|0|0|1|0|-3|2|0|0|0|3|3|-0.875
63|1.0065748184503664|-1.0604545887704653E-4|0|0|3|0|0|0|0|0|0|2|0|0|0|0|0|0|-2|0|0|0|0|0|0|-2|-1|0|0|0|3|3|0.0
31|1.3553335394149881|-0.011844451313832938|21|3|16|3|0|3|3|9|2|22|5|1|2|3|0|0|-1|0|0|0|0|-1|0|3|1|0|0|2|2|3|-0.875
61|1.0203711588052342|-3.395193134205776E-4|0|0|5|3|0|0|1|0|0|8|3|1|0|3|0|0|-1|-2|0|0|-1|-1|0|-1|-1|0|0|1|3|4|1.0
23|1.40465807779849|-0.026192316047831676|12|2|18|1|1|0|1|8|3|13|6|0|0|0|0|0|-2|0|0|0|0|1|-1|0|0|0|0|0|3|3|-0.875
31|1.3668268029552013|0.001579558647263113|12|2|25|5|0|1|0|12|4|15|3|4|0|5|-1|0|1|0|0|0|0|1|0|0|0|1|0|1|3|3|0.75
57|1.0|-0.017857142857142794|1|0|15|5|1|0|2|1|0|13|4|2|0|1|-1|0|-1|0|0|0|0|0|0|0|0|0|0|0|3|3|-0.875
32|1.3518118877807472|-0.024710498392059854|15|1|20|2|0|0|1|11|1|24|5|2|1|3|2|0|-1|-3|-2|-2|-2|-6|0|6|3|1|1|2|3|3|-0.25
11|2.373322688197049|-0.06093906656968384|2|0|14|0|0|0|0|18|3|0|0|0|3|1|0|0|0|0|0|0|0|0|2|0|0|0|0|1|3|2|-0.75
33|1.2287811053480167|-0.03839940954212562|11|0|16|5|3|0|2|11|3|18|4|2|0|0|0|-2|-3|2|0|0|-1|0|0|2|0|0|0|0|3|4|1.0
42|1.1166546413478966|-0.0028452351548267085|8|0|23|8|0|0|2|12|3|21|3|1|2|4|-3|-3|0|4|-1|-2|-2|4|2|-4|-4|1|2|1|3|3|-0.875
33|1.2162291792154987|0.006187011973675105|9|3|19|6|0|0|4|9|5|17|2|2|1|3|0|0|-1|0|0|0|0|1|0|0|0|0|0|0|3|3|-0.875
34|1.1094514515217164|-0.015868636784691192|6|1|19|9|2|1|1|8|5|25|5|0|1|2|-4|-3|-6|5|2|0|0|1|2|7|-2|-2|0|1|3|2|-0.875
37|1.1277816773339961|0.007956441251085966|8|3|23|4|1|0|4|7|5|23|5|0|0|3|0|0|0|-1|0|0|0|-1|0|0|0|-1|0|-1|3|4|1.0
43|1.1275646831218271|0.006824973315506355|2|2|16|6|0|0|1|5|2|23|7|4|0|5|0|0|0|-1|0|0|0|0|0|-1|1|1|0|1|3|3|-0.875
1|0.0|NaN|0|0|0|0|0|0|0|4|0|0|0|0|0|0|0|0|0|0|0|0|0|4|0|0|0|0|0|0|0|1|0.0
11|2.4161571071101693|-0.10019435447370695|6|1|9|1|0|1|0|5|1|12|0|0|0|0|-1|0|1|0|0|0|0|3|0|1|0|0|0|0|2|2|-0.125
34|1.1319200404187815|-0.029101429247423427|8|4|22|7|1|1|3|9|1|31|4|1|0|2|0|3|-7|3|0|1|2|-2|-3|12|-4|0|-2|-1|3|3|-0.875
6|2.1573786516665265|-0.7144560689569639|6|0|5|0|0|0|0|10|1|0|0|0|1|0|0|-1|5|0|0|0|0|4|1|-5|0|0|1|0|1|2|0.0
62|1.0294907600765513|0.01590998753972861|0|0|4|2|1|0|1|0|0|4|2|1|0|2|0|0|-3|0|0|0|-1|0|0|0|0|0|0|1|3|3|-1.0
39|1.2102578978553187|0.020782686898544123|8|1|19|8|1|0|5|8|4|21|7|2|0|6|0|0|0|0|0|0|0|-1|1|-2|1|1|0|1|3|3|-0.875
38|1.2005485339039477|0.005774730499165992|11|2|15|7|3|0|5|10|1|25|5|1|0|6|1|1|-9|3|2|0|0|-1|-1|10|-2|-1|0|1|3|3|-0.875
50|1.0565685424949238|-0.0011544600509167946|3|0|19|4|3|0|1|3|3|15|2|2|0|5|-1|-2|3|1|1|0|-3|0|3|-5|-3|-3|0|2|3|3|-0.875
5|3.707131574252948|-0.37642046988346145|1|0|6|0|0|0|0|10|1|0|0|0|0|0|0|0|0|0|0|0|0|2|1|0|0|0|0|0|1|2|0.125
22|1.8453819842738914|0.10260085789171947|13|6|13|0|0|0|1|12|2|11|3|1|0|3|1|4|2|-2|-1|0|-1|-1|-4|-2|3|1|0|2|2|3|-0.375
42|1.0533962068361733|-0.011405116322177333|6|0|30|5|4|0|1|3|1|25|4|3|0|3|2|-1|5|2|1|0|-2|-4|1|-4|-2|-1|0|1|3|3|-0.875
54|1.0306824861017105|-0.0083942650655624|1|1|13|9|2|0|8|3|0|15|5|3|1|5|-2|1|-4|4|-1|-1|3|2|-2|0|-3|1|1|-4|3|3|-0.875
54|1.0338597615693739|-6.388634258371884E-4|2|0|19|5|2|0|3|1|1|18|6|0|0|3|1|-1|-1|0|2|0|0|-2|1|0|-1|-2|0|-1|3|3|-0.875
36|1.2343368331627005|0.005139335120296851|9|4|17|4|2|0|4|7|1|28|6|1|0|2|2|2|-10|-2|2|0|2|-3|-3|12|2|-1|0|-2|3|3|-0.875
42|1.1166546413478966|-0.0028452351548267085|7|4|19|8|2|0|5|3|0|19|8|2|1|0|5|4|0|-1|1|0|5|-5|-4|0|0|0|1|-5|3|3|-0.875
39|1.121060239788163|-0.029501585257583285|3|2|21|7|0|0|2|10|2|28|7|0|2|2|-1|0|1|-1|0|0|0|-1|0|2|1|0|0|0|3|3|-0.875
61|1.020371158805234|-3.395193134205776E-4|0|0|2|2|1|0|2|0|0|7|5|1|0|2|0|0|-1|-1|0|0|0|0|0|-2|0|-1|0|-1|3|4|1.0
54|1.023011864576283|-4.3418612408085977E-4|1|0|12|6|4|0|3|1|0|18|7|3|0|0|0|-1|-9|0|2|0|3|0|0|4|0|-1|0|-3|3|3|-0.875
34|1.222052249308369|0.005823070092870308|8|1|23|6|0|0|4|12|5|15|2|1|2|4|-6|-2|9|4|-1|-2|1|3|4|-8|-4|1|2|0|2|3|-0.875
53|1.039076751167273|-7.514759839861718E-4|2|0|16|8|2|0|2|2|2|17|5|4|0|5|-1|0|-1|-1|0|-1|-1|1|0|-2|0|0|0|0|3|3|-0.875
36|1.235702260395516|0.021837078274413724|10|0|30|2|1|1|1|10|4|22|3|1|1|4|0|-4|9|-1|0|0|-3|0|4|-8|1|0|0|3|3|3|-0.875
21|1.4458255084059912|0.039512123454689796|16|1|15|1|0|1|0|14|1|18|2|0|2|0|0|0|0|0|0|0|0|-1|0|2|1|0|0|0|2|2|-0.125
29|1.4571717382408251|0.01938672363425642|19|3|18|1|0|3|2|7|1|22|6|1|0|2|0|0|0|0|0|0|0|-2|0|-1|1|1|-1|1|3|3|-0.875
61|1.0299742151597737|0.016167096414003934|0|0|4|3|1|0|3|0|0|5|3|1|0|2|0|0|0|0|0|0|0|0|0|0|-2|1|0|0|3|3|-0.875
59|1.0140411377075624|-2.4208858116492316E-4|1|0|7|3|3|0|2|0|1|7|3|1|0|2|-1|0|-1|0|0|0|0|0|0|-3|0|0|0|0|3|4|1.0
10|3.1044274647456422|-0.8823379392646733|5|1|11|0|0|0|0|5|1|9|1|0|0|0|1|0|4|-1|0|0|0|0|0|-2|0|0|0|0|2|2|-0.125
62|1.0161290322580645|-2.6441036488633607E-4|0|0|3|2|0|0|0|0|0|2|0|0|0|0|-1|0|-1|0|0|0|-1|-1|0|0|-3|-1|0|0|3|4|1.0
1|0.0|NaN|0|0|0|0|0|0|0|4|0|0|0|0|0|0|0|0|0|0|0|0|0|4|0|0|0|0|0|0|0|1|0.0
31|1.1847716793986407|-0.05062074049402754|14|0|19|5|0|0|0|12|3|21|3|1|1|1|0|0|0|0|0|0|0|3|0|1|0|0|1|1|2|3|0.625
59|1.0140411377075624|-2.4208858116492316E-4|0|0|10|4|1|0|3|2|0|8|4|2|0|2|0|0|-2|-1|-1|0|-1|0|0|0|-1|-1|0|-1|3|4|1.0
23|1.9101999781005816|0.014812181790873069|16|4|7|3|0|1|4|11|1|18|3|0|2|1|0|0|0|0|0|0|0|-3|0|2|1|0|-1|0|3|3|-0.875
11|2.0088413050074645|-8.841305007463163E-4|6|0|12|0|0|0|0|11|0|9|1|0|0|0|0|0|0|0|0|0|0|0|0|3|0|0|0|0|1|2|0.0
45|1.0590412055442753|-0.001341845580551615|3|1|26|10|1|0|6|5|2|15|8|3|0|4|0|0|-2|-1|0|0|0|-1|0|-1|0|0|0|1|3|3|-0.875
26|1.3308125445958285|-0.02980104427875685|12|0|23|3|1|0|0|10|4|16|4|0|0|0|4|-4|7|0|1|0|0|-3|4|-6|1|-1|0|0|3|3|-0.5
19|1.4124839019469122|9.609224589901544E-5|11|3|11|1|0|1|0|12|3|13|2|0|1|2|0|-1|0|1|0|0|0|-1|1|0|0|0|0|0|3|2|-0.75
2|4.47213595499958|4.47213595499958|4|0|0|0|0|0|0|1|0|3|0|0|0|0|4|0|0|0|0|0|0|-3|0|3|0|0|0|0|1|1|-0.125
30|1.3578180493318648|-0.160110390866135|8|1|25|2|2|1|1|15|3|13|5|1|0|0|-5|-2|14|-3|1|1|1|6|2|-12|3|-1|-1|-1|3|3|-0.875
28|1.3219764186380227|-0.011925052542148817|8|0|16|5|1|1|0|13|0|22|5|0|1|2|-4|0|-6|0|1|0|-1|4|0|7|0|-1|0|2|3|2|-0.75
52|1.1181179927640565|-0.01043787363014026|2|1|14|8|4|0|5|4|0|14|9|1|1|4|-4|1|0|-1|3|-2|2|1|-1|1|0|-2|1|-1|3|3|-0.875
21|1.3592001793745265|0.0027506691499283864|17|2|14|0|0|1|0|9|2|15|1|0|0|1|-1|0|1|0|0|0|0|-1|1|2|0|0|0|0|2|2|-0.125
23|1.8355425020577794|0.0074753408155554535|11|0|14|2|2|0|0|16|3|12|3|1|0|2|0|0|0|0|0|0|0|0|1|-1|0|1|-1|2|3|3|-0.875
51|1.0243655036690056|-4.8731007337998733E-4|4|0|18|5|2|0|3|1|0|24|4|2|0|1|0|0|-2|0|0|0|0|-2|0|-2|0|1|0|-1|3|4|1.0
59|1.0619805804998708|-0.001068630698273454|2|0|6|5|0|0|3|1|0|9|6|2|0|3|0|0|-2|-2|0|0|0|0|0|0|-1|-1|0|0|3|4|1.0
5|3.9173921690586253|-0.527597799718885|0|1|6|0|0|0|0|9|0|3|0|0|0|0|0|0|0|0|0|0|0|4|0|0|0|0|0|0|2|1|0.0
15|1.6090375276074307|0.027925890885183602|11|1|9|2|0|1|0|15|2|6|2|0|1|0|0|0|0|0|0|0|0|1|1|-1|1|0|0|0|2|2|-0.125
16|1.5968610297802848|-0.11727591266324411|16|2|8|1|0|0|1|12|0|12|1|0|0|1|4|2|-4|1|0|0|1|-5|-2|5|0|0|0|0|2|2|-0.625
36|1.179964129572752|-0.005141832273507285|6|3|23|3|0|0|1|8|2|28|5|1|0|3|-1|1|-4|-1|-1|0|-2|2|-1|4|1|1|0|2|2|3|-0.5
4|3.317703668548772|1.320802073577249|2|0|5|0|0|0|0|4|0|3|0|0|0|0|-1|0|4|0|0|0|0|2|0|-2|0|0|0|0|1|1|0.0
59|1.0549600116460895|0.006194026736672464|1|0|10|2|0|0|0|0|0|9|5|2|0|3|0|0|-1|0|0|0|0|0|0|-2|0|-1|0|1|3|4|1.0
63|1.0131496369007331|-2.1209091775364897E-4|0|0|3|0|0|0|0|0|0|3|1|1|0|2|0|0|-3|-1|0|0|-1|0|0|-2|-1|-1|0|-1|3|4|1.0
38|1.1353193585192356|0.007537681185239453|3|0|21|7|1|0|4|12|3|24|3|2|3|3|-9|-3|-3|4|0|-2|1|7|3|5|-5|1|3|-2|3|3|-0.875
39|1.078745328509371|-0.012972602391643884|7|0|23|6|1|0|3|9|1|22|6|1|0|2|-1|-1|1|1|0|0|0|-1|0|0|1|0|0|0|3|3|-0.875
4|1.6513878188659974|-0.21712927295533246|4|0|3|0|0|0|0|2|0|4|1|0|0|0|4|0|-1|0|0|0|0|-2|0|0|1|0|0|0|1|2|0.0
37|1.1499939588239068|-0.00416649885621978|9|0|18|5|1|0|1|11|3|17|4|1|0|0|-1|0|1|0|0|0|0|-1|1|0|1|0|0|0|3|4|1.0
18|1.5889514533050857|-0.09346773254735807|18|1|7|0|1|1|0|19|0|11|1|0|4|0|0|1|-1|-1|1|-3|0|-1|-1|6|0|-1|3|0|3|3|-0.375
37|1.177198626651461|-0.021194029563287753|8|3|20|6|2|1|3|6|4|21|3|3|0|5|0|0|-2|0|0|0|0|0|0|-1|0|0|0|0|3|3|-0.875
62|1.0066808639092435|-1.0952235916783515E-4|0|0|6|2|1|0|0|0|0|5|0|0|0|0|0|0|0|0|0|0|-3|0|0|-3|-3|-1|0|-1|3|4|1.0
22|1.3587691921360079|-0.06470329486361948|12|0|15|5|0|1|0|14|1|16|1|1|0|1|-2|-1|0|4|-1|1|-1|2|1|0|-4|1|-1|1|2|3|0.25
10|1.9729473667624426|-0.2608876549538688|7|0|7|0|0|0|0|15|1|3|0|0|0|0|-7|0|5|0|0|0|0|8|1|-5|0|0|0|0|1|2|0.0
41|1.1480748246796455|-0.003701870616991121|12|2|15|3|1|2|0|3|2|31|6|1|0|2|-1|0|1|-1|-1|0|0|-2|1|1|0|0|0|0|3|3|-0.625
52|1.0828295344108705|-0.0016241085178601011|1|0|14|10|3|0|2|3|1|12|8|5|0|6|-3|-1|1|0|0|0|-3|1|1|-3|-2|2|0|4|3|3|-0.875
41|1.0707193886978454|-0.012123323776773498|6|2|23|6|1|0|4|11|2|19|7|1|2|4|-1|0|1|-1|0|0|0|-1|0|0|1|0|-1|1|3|3|-0.875
27|1.5261715083695162|-0.004306074846015973|10|2|17|3|0|0|1|9|3|16|6|1|0|4|0|0|0|-1|0|0|0|-1|2|1|0|0|0|0|2|3|-0.25
60|1.0069035593728848|-1.1700948089643504E-4|0|0|7|3|0|0|1|0|0|8|6|0|0|4|0|0|-4|-3|-1|0|-3|0|0|-1|2|0|0|3|3|4|1.0
13|2.108239434608716|-0.026287089367044825|11|1|10|0|0|1|0|13|2|7|1|0|0|0|0|0|0|0|0|0|0|2|1|0|0|0|0|0|2|2|-0.125
10|1.942955328423773|-0.26117735346415216|13|1|5|0|0|1|0|6|0|8|1|0|0|0|8|1|-1|-1|0|1|0|-8|-1|4|1|0|-1|0|2|2|-0.125
37|1.2148876924221257|-0.005969102567281226|10|4|19|3|3|0|5|10|1|26|5|2|0|3|0|0|-2|-1|0|0|0|0|0|0|1|0|0|0|3|3|-0.875
28|1.2400481911335128|-0.054670969208640674|13|2|19|3|0|0|4|9|2|21|5|0|0|1|3|0|0|-1|0|0|3|-4|-1|1|3|0|0|-3|2|3|-0.875
29|1.4712283193702596|0.02731570207605505|10|2|23|2|1|0|4|13|1|17|3|1|1|1|0|0|0|0|0|0|0|0|0|1|0|0|-1|1|3|3|-0.875
27|1.5497691424670679|-0.027743923758495104|9|2|15|6|1|1|1|7|5|17|6|0|1|2|0|0|-2|0|0|0|0|1|0|1|0|0|1|0|3|2|-0.875
28|1.4587059588075293|-0.016989109585463957|13|3|22|4|1|0|1|9|2|28|4|0|0|5|4|1|-6|2|1|0|-3|-6|-1|8|0|-1|-1|4|3|3|-0.75
25|1.3843079547644412|0.0012460669836937832|9|3|21|2|1|0|1|8|2|10|5|1|0|1|-1|0|1|0|0|0|0|-3|1|-2|1|0|-1|0|3|3|-0.75
31|1.238006567781637|-0.007933552259387744|15|2|19|2|1|2|2|12|0|17|8|1|0|2|0|0|-1|0|0|0|0|0|0|-1|1|1|0|1|3|3|-0.875
24|1.4080173818168265|-0.03574917148651857|18|2|11|3|0|1|2|13|2|12|3|0|0|0|3|0|1|2|0|1|2|-5|0|0|0|0|-1|-2|2|3|-0.5
21|1.7204281049758077|0.02578199362619915|10|0|25|2|0|2|1|14|2|17|1|0|0|1|0|0|0|0|0|0|0|-2|1|2|0|0|0|0|2|2|-0.625
9|2.159330933356687|0.08363702392368833|4|0|10|0|0|0|0|13|0|6|0|0|0|0|0|0|0|0|0|0|0|4|0|0|0|0|0|0|1|1|0.125
63|1.0131496369007331|-2.1209091775364897E-4|0|0|2|1|0|0|0|0|0|2|2|1|0|2|0|0|-1|-3|-1|0|-2|0|0|-2|-1|0|0|0|3|3|0.0
54|1.0338597615693739|-6.388634258371884E-4|2|0|15|9|3|0|7|2|0|15|5|3|0|4|0|0|0|3|0|0|3|0|0|-2|-6|0|0|-3|3|3|-0.875
40|1.132842712474619|-0.003406223396785091|8|0|23|10|2|1|1|8|0|20|4|1|0|0|0|0|0|7|1|1|1|-1|0|-3|-6|-1|-1|-1|3|3|-0.875
63|1.0065748184503664|0.006574818450366449|0|0|4|0|0|0|0|0|0|4|0|0|0|0|0|0|-2|0|0|0|0|0|0|-3|-1|-1|0|-2|3|4|1.0
52|1.125957239932395|-0.0024697498025960662|2|1|16|6|3|0|5|1|2|19|5|0|0|4|0|-2|-5|1|3|0|0|-1|1|2|-1|-2|0|-1|3|4|1.0
30|1.2709663401497322|0.016998816632775027|12|2|25|1|0|0|1|10|4|22|4|0|0|4|2|-2|5|-2|0|0|-2|-2|2|-3|3|0|0|3|2|3|-0.375
62|1.0133617278184868|-2.1904471833589234E-4|0|0|3|2|0|0|0|0|1|4|1|0|0|0|0|-1|-4|0|0|0|0|0|1|-2|-2|0|0|0|3|3|0.0
60|1.0276142374915396|-4.680379235855181E-4|1|0|8|4|2|0|5|0|0|4|3|2|0|2|0|0|3|0|0|0|1|-1|0|-5|-1|-1|0|-3|3|4|1.0
60|1.0276142374915398|-0.007488606777366513|0|0|5|1|1|0|0|1|0|5|8|2|0|6|-1|0|0|-7|-1|0|-6|1|0|-2|7|-2|0|6|3|3|-0.875
48|1.063980579413864|-0.022637884668380126|3|0|24|8|3|0|3|4|1|18|9|4|0|3|-1|-1|5|1|-1|0|0|1|1|-7|0|1|0|-1|3|3|-0.875
27|1.2513275723697903|0.0062648457693577075|10|1|24|3|0|0|1|11|5|18|6|0|0|3|0|0|-1|0|0|0|0|0|0|1|1|0|-1|1|3|2|-0.375
43|1.179413410281834|-0.023996203214952994|4|1|25|11|0|2|9|3|0|23|10|2|0|6|0|-2|-2|1|0|0|-1|-1|0|0|1|0|0|2|3|3|-0.875
41|1.113581810963229|0.007515793785246805|11|0|23|7|1|1|2|9|0|23|9|0|0|6|-1|0|1|0|0|0|0|-2|0|0|2|0|0|2|3|3|-0.875
20|1.6210129034576148|-0.0541396713795379|17|1|15|0|0|0|0|16|3|9|2|0|2|1|2|-1|5|-2|0|-3|0|-1|2|-7|2|0|2|1|3|2|0.25
41|1.143729810414443|0.027308454177133568|11|1|28|4|1|0|2|4|3|28|4|2|0|1|0|0|0|0|0|0|0|-2|0|1|2|0|0|0|3|3|-0.875
47|1.100594086411869|-0.002186827965475313|4|2|15|8|1|1|6|11|1|20|8|1|2|5|0|0|-1|-1|0|0|0|2|0|2|0|0|2|0|3|3|-0.875
17|1.7818392861564907|-0.02949881195783055|9|1|15|1|0|0|0|15|1|11|1|0|1|0|0|0|0|0|0|0|0|4|0|0|0|0|0|0|2|2|-0.125
17|1.7277429936241913|0.07951606289848834|16|0|9|0|2|1|0|11|0|20|1|0|1|0|0|0|0|0|0|0|0|3|0|-1|1|0|0|0|3|2|-0.5
62|1.013361727818487|-2.1904471833589234E-4|0|0|3|3|2|0|3|0|0|3|2|1|0|2|0|0|-3|0|1|0|0|0|0|-1|-2|0|0|-2|3|4|1.0
59|1.0140411377075627|-2.420885811647011E-4|0|1|13|1|2|0|3|0|0|13|4|0|0|2|0|0|-1|-2|0|0|-1|0|0|-1|-2|0|0|-2|3|4|1.0
34|1.379396909900343|0.0010550500749317848|9|2|20|5|0|0|1|10|4|20|4|1|0|2|-2|0|1|1|-1|0|0|1|1|0|0|1|0|1|3|3|-0.5
42|1.0394489107021996|-9.621685537122282E-4|7|1|21|4|1|1|1|8|2|20|5|0|1|1|-1|-2|0|-1|1|0|-1|0|1|-2|0|-1|0|-1|3|4|1.0
52|1.0238969362907553|-4.685673782500732E-4|2|0|24|8|2|0|3|2|1|19|6|2|0|2|-2|0|4|3|-1|0|0|-1|1|-6|-2|0|0|-1|3|4|1.0
36|1.327201992899023|-0.009348628368543555|11|1|17|7|1|0|2|10|3|20|4|0|2|1|1|-2|-2|4|1|-2|1|-1|2|1|-3|-1|2|-1|3|3|-0.875
18|1.5772997627471297|-0.033958809573360504|10|4|13|0|0|1|1|11|1|20|0|0|0|0|0|3|-6|0|0|1|1|0|-3|6|0|0|-2|-1|2|2|-0.375
37|1.1052141142430316|-0.01442854657267012|6|1|27|7|0|0|3|10|1|23|4|1|3|1|-1|0|1|0|0|0|0|0|0|-1|0|0|0|0|3|3|-0.875
4|1.5|-0.8333333333333335|7|0|1|0|0|0|0|5|0|2|0|0|0|0|6|0|-1|0|0|0|0|-2|0|1|0|0|0|0|1|1|0.0
4|5.514994621731307|-0.6132641485521049|6|1|0|0|0|0|0|6|1|0|0|0|0|0|2|1|0|0|0|0|0|0|0|0|0|0|0|0|2|2|-0.125
30|1.1769045263121753|-0.09526520565307184|9|3|20|5|0|0|0|14|4|19|1|2|0|3|-5|-1|2|4|-2|0|-3|4|0|0|-3|2|0|3|3|3|0.625
39|1.2342452029259348|-0.017064704349974313|5|1|21|9|1|0|3|7|3|27|8|0|1|3|0|0|0|-1|1|0|0|1|0|1|1|0|0|0|3|3|-0.875
37|1.1976677972698584|0.006015160141756626|7|4|30|3|1|1|6|4|2|31|3|2|1|2|-2|0|2|0|0|0|0|0|1|-1|-1|0|1|0|3|3|-0.875
27|1.4167188036801637|0.03151342976229321|13|3|20|2|0|0|0|16|4|9|6|0|3|5|0|0|0|0|0|0|0|0|2|0|0|0|0|2|2|2|0.5
39|1.2086041772849092|0.02082620586092343|4|1|21|6|0|1|0|7|2|30|6|0|0|4|0|0|0|0|0|0|0|-1|0|2|1|0|0|1|3|3|0.75
43|1.2099647707233399|0.024431028732772475|6|2|26|8|3|0|6|6|3|29|8|1|0|10|0|0|0|0|0|0|0|-1|0|2|1|0|0|2|3|3|-0.875
26|1.5843648194899207|-0.02337459277959697|14|1|16|6|1|2|1|14|2|19|3|0|1|2|-1|-1|0|4|1|1|-1|0|1|2|-3|-1|-1|1|3|2|-0.625
14|1.5402120431930102|-0.2257431359791553|9|2|10|2|0|0|0|3|1|13|2|0|0|1|7|1|-1|0|0|0|-1|-7|-1|4|0|0|0|1|2|2|-0.125
33|1.2820344178595535|-0.021757749382270486|10|3|24|2|1|1|1|11|1|23|6|0|1|3|-2|0|2|0|0|0|0|-1|1|1|1|0|0|2|3|3|-0.875
10|3.2822698333171174|0.03592016023854194|10|2|6|0|0|0|0|10|2|1|0|1|0|1|0|1|4|0|0|0|0|0|0|-5|0|1|0|1|2|3|0.125
35|1.306512058895939|0.003167691278739948|11|1|25|4|1|0|3|9|1|21|5|3|1|2|0|-1|0|1|0|0|0|1|0|0|0|0|1|0|3|3|-0.875
63|1.0|0.0|0|0|3|0|0|0|0|0|0|4|1|0|0|0|0|0|-2|-1|0|0|-1|0|0|-2|-1|0|0|-1|3|4|1.0
45|1.150796543421874|0.005986750430709398|3|2|20|10|2|0|5|6|5|22|5|2|0|6|0|0|0|-1|0|0|0|0|0|0|0|0|0|0|3|3|-0.875
61|1.036764601428185|-6.127433571363472E-4|0|0|9|1|4|0|2|0|0|5|5|0|0|1|0|0|-2|-1|-1|0|-1|0|0|0|-1|0|0|0|3|3|-0.875
43|1.100318802301971|-0.0023885429119518964|6|1|20|5|0|1|2|3|2|14|7|1|0|5|0|0|-1|-1|0|0|0|1|0|0|0|0|0|1|3|3|-0.875
54|1.0415303830948015|0.007031758099590446|1|1|13|8|0|0|0|2|0|17|5|6|0|3|-1|-1|-7|4|-6|0|-3|1|-1|4|-4|6|0|3|3|4|1.0
25|1.311433778159374|-0.06447923981913162|15|1|16|3|1|2|1|17|1|16|3|0|1|0|-2|0|1|0|0|0|0|1|0|1|0|0|0|0|3|2|-0.625
42|1.0731206621872733|0.022606813117383773|7|4|26|5|1|0|2|5|1|24|7|0|1|1|2|3|3|-2|1|-1|1|-2|-3|-2|2|-1|1|-1|3|3|-0.875
58|1.0357080657218185|-6.264572933651902E-4|0|0|9|4|3|0|0|0|0|11|3|2|0|3|0|-1|-3|1|1|0|-4|0|0|0|-1|-1|0|2|3|4|1.0
43|1.0770629883484826|-0.021559288407016153|8|0|15|10|3|0|3|8|0|18|10|1|1|2|-1|0|-1|-1|0|0|-1|-1|-1|1|1|0|0|0|3|3|-0.875
10|2.5104024777920153|-0.1472982425888012|6|2|10|0|0|0|0|13|0|5|0|0|3|0|-6|2|8|0|0|-3|0|7|-2|-5|0|0|3|0|2|1|-0.125
58|1.0214248394330911|-3.758743760191585E-4|1|0|5|7|3|0|5|0|0|10|9|1|0|3|1|0|-7|-2|2|0|2|-1|-1|3|3|-2|0|-2|3|3|-0.875
13|2.103084058109226|-0.3196066859332989|7|1|11|1|0|0|0|11|0|11|1|0|0|0|-1|-1|1|1|0|0|-1|-1|0|2|1|0|0|0|2|2|0.0
55|1.0075311556795108|-1.3946584591684186E-4|2|1|14|5|1|0|4|2|1|16|5|0|0|0|0|0|-2|0|0|0|0|1|0|-3|1|0|0|0|3|3|-0.875
23|1.4474464288982758|0.07057061686826027|16|3|13|2|0|1|3|11|2|18|0|0|2|1|0|0|0|0|0|0|0|1|0|2|0|0|1|0|2|2|-0.75
31|1.1658753427009985|-0.005529178090033282|11|1|17|6|0|0|1|15|3|23|4|0|2|3|-1|0|1|0|0|0|0|-1|0|-2|2|0|0|0|3|2|-0.875
63|1.0065748184503664|-1.0604545887704653E-4|0|0|1|1|0|0|0|0|0|0|1|0|0|0|0|0|-1|-3|0|0|0|0|0|-2|-1|-1|0|0|3|4|1.0
22|1.4659730772438377|-0.022189194154468295|14|4|15|0|1|1|0|14|1|10|7|0|0|1|1|3|6|-7|1|1|-1|0|-3|-6|7|-1|-1|1|3|2|-0.625
22|1.636339627143623|-0.08916226688778184|9|0|20|2|0|0|0|19|1|13|1|1|3|2|-7|-1|8|1|-1|-1|-1|9|1|-6|-1|1|3|2|2|3|0.375
38|1.2558249829404833|-0.006914188728120996|12|4|18|4|1|2|0|8|1|21|7|1|1|3|4|3|-1|-3|0|1|-2|-4|-3|2|2|-1|-1|3|3|3|-0.625
47|1.0954315186008206|-0.011079240890737196|5|1|22|7|1|0|3|4|1|24|8|2|0|1|-1|0|1|-1|0|0|0|0|0|1|0|0|0|0|3|3|-0.875
25|1.5703192163593571|0.027739531714185306|10|5|15|2|0|0|2|14|2|19|3|0|0|2|0|0|0|0|0|0|0|0|0|2|1|0|-1|1|3|3|-0.875
23|1.4512262435317718|-0.0016823945981212507|10|0|22|3|0|1|0|9|4|18|0|0|0|1|-2|0|2|0|0|-2|0|2|0|0|0|0|0|1|3|4|1.0
51|1.0798248590561856|-0.0015964971811239792|2|0|18|8|6|0|4|1|0|26|6|3|0|1|0|0|-1|-1|0|0|0|0|-1|-1|-1|1|0|0|3|3|-0.875
