57|1.0218007138091103|-3.892984608768746E-4|1|0|13|5|1|0|3|0|1|12|6|1|0|2|0|0|-4|0|0|0|0|-1|0|-1|0|0|0|0|3|4|1.0
34|1.192640484602487|0.006714335690018558|6|4|23|3|2|0|2|12|1|22|4|1|1|2|-5|3|3|-1|1|-1|1|6|-3|-2|1|-1|1|0|3|3|-0.875
60|1.0207106781186546|-0.024320749838843136|0|0|6|2|4|0|1|1|0|7|0|2|0|0|-1|0|-1|2|2|0|1|1|0|-2|-2|0|0|-2|3|3|-1.0
28|1.3196730221292376|0.0035015014905133146|13|0|25|3|1|2|1|9|2|14|4|0|0|1|3|-1|12|-2|1|2|-1|-6|2|-9|1|-1|-2|0|3|4|1.0
44|1.194313101738285|-0.01415178288631136|9|2|19|10|1|0|6|5|2|22|7|3|0|4|4|-1|-4|4|-2|0|2|-4|0|3|-3|2|0|-4|3|4|1.0
63|1.0131496369007331|-0.006892954826997144|0|0|1|2|0|0|1|0|0|0|1|1|0|0|0|0|-3|-1|0|0|0|0|0|-1|0|0|0|0|3|3|-1.0
24|1.3785108308367944|-0.034466277965647496|10|2|17|5|0|1|2|9|1|20|2|0|0|3|0|1|-1|4|0|1|0|-3|-1|5|-3|0|-1|1|2|3|-0.75
53|1.0266832747617565|-5.13139899264603E-4|4|1|12|7|3|0|2|1|0|11|8|2|0|1|-1|0|1|-1|0|0|0|0|0|0|-1|1|0|0|3|4|1.0
20|1.203553390593274|-0.03251405015612452|13|0|14|1|1|0|0|14|0|10|1|0|0|1|1|-1|5|0|1|0|-1|0|0|-3|0|-1|0|1|3|3|-0.5
17|1.7652215889555964|-0.02193800166140636|10|0|18|1|0|1|0|10|4|15|0|0|0|1|-1|0|1|0|0|0|0|-1|2|1|0|0|0|0|2|2|0.25
23|1.5284925109542844|-0.10683395118549899|14|3|16|2|0|2|0|15|0|19|2|0|1|0|-1|0|0|0|0|0|0|2|0|2|0|0|1|0|2|3|-0.25
62|1.032258064516129|-5.288207297726721E-4|0|0|4|3|0|0|0|0|0|4|3|2|0|0|0|0|-2|-2|-2|0|0|-1|0|-1|-1|2|0|0|3|3|1.0
2|3.0|3.0|4|0|0|0|0|0|0|4|0|0|0|0|0|0|4|0|0|0|0|0|0|0|0|0|0|0|0|0|1|1|0.0
15|1.420475719291018|-0.18448238424709973|14|0|11|0|0|1|0|13|0|12|2|0|0|0|-1|0|1|0|0|-1|0|0|0|3|0|0|0|0|1|2|-0.125
48|1.0724730971795637|-0.001541980791054609|2|1|23|8|2|0|7|4|0|24|3|1|1|0|-2|1|-2|4|1|-1|7|2|-2|-1|-4|-2|1|-8|3|3|-0.875
5|2.294427190999916|-0.2055728090000839|5|0|3|0|0|0|0|9|0|3|0|0|0|0|0|0|0|0|0|0|0|4|0|0|0|0|0|0|1|1|0.0
22|1.4821681304141379|-0.0032359318114785207|8|3|15|3|0|0|2|13|2|16|3|0|2|0|-7|3|-1|1|0|-2|2|5|-1|1|-1|0|2|-2|2|2|-0.625
29|1.434521591706605|0.02019565743904983|10|3|22|3|0|1|2|15|4|16|1|3|2|3|0|0|0|0|0|0|0|0|1|-1|0|1|0|0|3|3|-0.375
15|1.891883354013956|0.1224048515321452|11|0|10|2|1|1|0|6|1|17|0|0|0|1|0|0|0|0|0|0|0|1|0|2|0|0|0|0|3|3|-0.5
48|1.0467216809816517|-0.027293396988966823|9|0|24|3|2|1|1|4|1|20|6|3|1|1|4|0|4|-3|-1|0|0|-7|1|-4|3|1|0|0|3|3|-0.875
17|1.6192550495388311|0.02379655940382297|14|1|9|2|0|0|0|17|1|8|1|0|1|0|0|0|0|0|0|0|0|1|0|0|0|0|0|0|2|3|0.25
16|1.6885017407881147|0.03650441578077834|18|2|4|2|0|1|0|6|2|12|2|0|0|0|12|0|-7|0|0|1|0|-12|0|8|0|0|-1|0|2|3|-0.25
4|3.179586801558725|-1.2358169488530488|8|0|0|0|0|0|0|2|0|6|0|0|0|0|7|0|-3|0|0|0|0|-6|0|6|0|0|0|0|1|1|-0.125
1|0.0|NaN|0|0|0|0|0|0|0|4|0|0|0|0|0|0|0|0|0|0|0|0|0|4|0|0|0|0|0|0|0|1|0.0
2|4.123105625617661|4.123105625617661|4|0|0|0|0|0|0|4|0|0|0|0|0|0|4|0|0|0|0|0|0|0|0|0|0|0|0|0|1|1|0.0
24|1.6872520161034876|0.013597738430283002|14|6|12|2|0|0|0|13|3|17|3|0|1|1|1|3|-5|-1|0|-1|-1|-1|-3|5|1|0|1|1|2|2|-0.25
1|0.0|NaN|0|0|0|0|0|0|0|4|0|0|0|0|0|0|0|0|0|0|0|0|0|4|0|0|0|0|0|0|0|1|0.0
34|1.2344283161316807|-0.007103888367626654|9|2|24|5|1|1|3|14|2|14|6|1|1|1|-5|0|6|1|0|0|2|4|0|-10|1|0|0|-2|3|3|-0.875
54|1.0523782800878925|-9.882694356204702E-4|2|0|16|3|2|0|3|0|1|18|7|2|0|5|1|-1|-2|-3|0|0|-1|-2|1|0|4|0|0|2|3|3|-0.875
18|1.6091131526575693|-0.19513629912687858|6|0|19|2|0|0|0|8|0|20|1|0|1|0|-1|0|2|1|0|-1|0|-1|0|4|-1|0|0|0|3|2|-0.375
37|1.1816580905875231|0.006459874216265815|5|2|23|3|1|0|2|7|3|23|6|2|0|5|-1|0|1|0|0|0|0|0|-1|2|0|0|0|0|3|3|-0.875
39|1.2281921778618377|0.04211144597064087|8|0|19|7|1|0|2|10|3|24|6|1|1|7|0|0|0|0|0|0|0|0|0|2|1|0|1|1|3|3|-0.875
61|1.0474249545408552|0.019810717049315585|0|0|4|0|1|0|0|1|0|9|1|1|0|0|0|0|0|0|0|0|0|0|-1|1|-1|1|0|0|3|3|-0.875
52|1.0623584747522938|0.006899119365113782|1|0|14|8|2|0|2|4|1|14|5|4|0|2|-3|-1|-3|3|-2|0|-1|2|1|0|-3|2|0|0|3|4|1.0
43|1.2001790434676982|0.0050960599739380275|9|1|18|7|1|2|4|2|1|26|5|4|0|4|-1|0|1|0|0|0|0|0|0|1|0|-1|0|0|3|4|1.0
20|1.6877398367659844|-0.03619683351399905|11|0|19|2|0|0|0|9|1|15|2|1|1|0|2|-1|4|-1|0|-1|0|-3|0|-3|1|1|1|0|2|3|0.25
43|1.0946759956247785|0.021555333437505153|5|1|27|7|1|1|1|9|2|17|8|0|0|4|0|0|0|0|0|0|0|1|0|1|-2|0|0|1|3|3|-0.625
15|1.7961032936355485|0.01456405045460385|13|2|9|0|0|3|1|11|2|11|1|0|1|0|0|0|0|0|0|0|0|0|0|2|0|0|0|0|2|2|-0.375
62|1.0|0.0|0|0|5|1|0|0|1|0|0|3|2|2|0|1|0|0|-1|-3|-2|0|-1|0|0|-3|-1|2|0|-1|3|4|1.0
14|1.609095417297152|0.048228658477125874|18|1|4|1|0|0|0|12|0|10|2|0|1|0|5|1|-4|0|0|-1|0|-6|-1|6|1|0|1|0|2|2|-0.125
60|1.0304737854124364|-5.165048374988768E-4|0|0|8|5|1|0|3|0|0|11|0|1|0|1|0|0|-3|3|0|0|1|-1|-1|3|-5|0|0|-2|3|4|1.0
36|1.2210393702566154|-0.006315410578760394|17|0|20|6|2|3|6|10|2|21|5|2|2|2|5|-1|-2|2|1|1|5|-7|2|0|-1|0|-1|-4|3|3|-0.875
31|1.230179448842305|-0.013391744136536987|8|3|20|4|0|1|2|10|1|27|2|1|2|0|0|-1|-2|1|0|0|0|2|0|-1|0|0|0|0|3|3|-0.75
33|1.1787725738367172|-0.005586642932397412|13|1|25|3|1|2|0|9|0|26|4|1|1|1|0|0|-1|0|0|0|0|-1|0|1|1|0|0|0|3|3|-0.625
34|1.2411781769516892|-0.04996421302137222|10|1|27|6|0|2|4|14|1|14|5|1|3|4|-3|0|13|1|-1|-1|0|3|0|-12|-2|1|1|0|3|4|1.0
35|1.2461220451065864|-0.007238883679605346|9|2|16|4|1|0|1|13|4|17|5|2|2|4|-1|0|1|0|0|-1|0|0|0|-1|0|1|0|-1|3|4|1.0
11|2.1542167204696865|-0.4316494380638063|14|1|2|1|0|0|0|7|1|13|0|0|0|0|-1|-1|1|1|0|0|0|2|0|2|0|0|0|0|2|2|-0.125
63|1.0197244553510996|-3.181363766306955E-4|0|0|3|0|0|0|0|0|0|4|0|1|0|1|0|0|-1|-2|0|0|-1|0|0|-2|-2|0|0|-1|3|4|1.0
15|1.7918860838638422|-0.06881849707983201|5|1|12|2|0|0|1|10|0|12|3|0|0|0|-1|0|1|0|0|0|0|3|0|1|0|0|0|0|2|3|-0.375
5|3.656434072558691|0.8536584348266962|0|0|5|0|0|0|0|5|0|7|0|0|0|0|0|0|0|0|0|0|0|1|0|3|0|0|0|0|2|1|0.0
12|1.8333466606587423|-0.03810300893505869|13|0|8|1|0|0|0|7|2|12|0|0|0|0|7|-1|-3|1|0|0|0|-7|2|5|-1|0|0|0|2|2|0.125
15|1.6485281374238572|-0.14159847663186076|12|0|12|0|1|0|0|11|2|13|0|0|2|1|-1|0|1|0|0|0|0|1|1|1|0|0|0|0|3|2|-0.5
38|1.0590168601873495|-0.001595050275333909|7|2|28|3|0|0|3|8|2|30|2|1|0|1|1|0|-2|0|-1|0|2|1|0|0|-1|1|0|-2|3|4|1.0
31|1.197921384326176|-0.020404498223309142|12|0|22|3|2|0|0|12|2|23|5|2|2|0|-1|0|0|-1|0|0|-1|-1|1|0|1|0|0|0|3|3|-0.875
56|1.0073966707566624|-1.3448492284839908E-4|1|0|16|7|0|0|4|0|0|11|5|3|0|1|0|0|4|1|-2|0|2|-1|0|-6|-4|3|0|-5|3|4|1.0
31|1.283414337225301|-0.06445652923660616|8|4|18|3|1|0|1|5|4|20|5|0|0|3|-2|0|2|-2|0|-1|0|-1|0|0|0|0|0|0|3|3|-0.875
27|1.2689779824057916|-0.010345307015607208|6|0|31|4|0|0|1|13|2|16|4|1|2|0|-2|0|2|0|0|0|0|1|-1|1|-2|1|0|-2|2|4|1.0
6|2.820299310730011|-2.459801595069817|6|0|5|0|0|0|0|3|0|7|0|0|0|0|4|0|0|0|0|0|0|-3|0|1|0|0|0|0|1|1|0.0
21|1.5551927881960963|-0.06918099564711477|12|1|14|2|0|0|0|12|0|14|3|0|0|1|-1|0|1|0|-1|0|0|1|0|2|0|0|0|0|3|3|0.625
18|1.3698252360829102|-0.02175442565193597|12|3|14|1|0|0|1|10|1|12|2|0|0|0|6|2|2|-1|0|0|1|-2|-2|-2|1|0|0|-1|2|2|-0.375
58|1.0458078318877995|-8.036461734701739E-4|1|1|11|3|1|0|3|0|0|13|1|4|0|2|1|1|-5|2|-3|0|1|-1|-1|-2|-2|2|0|-1|3|3|-0.875
53|1.0468921014007277|-0.008867416611034962|2|2|15|6|3|0|5|5|1|14|9|2|0|9|0|0|-1|-2|0|0|0|0|0|-2|0|0|0|0|3|3|-0.875
6|3.0410352085392205|-1.1919897279096885|3|0|8|0|0|0|0|7|1|3|0|0|0|0|-3|-1|8|0|0|0|0|4|1|-5|0|0|0|0|1|2|0.125
54|1.0447076585624646|-0.008658890961048327|2|2|16|6|0|0|7|1|0|18|7|1|0|4|1|2|-3|-1|-1|0|3|-2|-2|3|0|1|0|-3|3|3|-0.875
7|3.189273280208601|-0.01687939248304815|5|0|7|0|0|0|0|6|0|10|0|0|1|0|0|0|0|0|0|0|0|1|0|3|0|0|0|0|1|1|0.0
44|1.1300306670849627|-0.003023969001975768|6|1|19|7|2|2|3|4|4|23|6|2|0|9|2|-3|-2|1|0|2|-5|-2|3|1|-1|0|-2|6|3|3|-0.875
11|2.56234015435628|-0.11033963275742886|5|0|10|1|0|0|0|7|1|13|1|0|1|0|0|0|0|0|0|0|0|1|1|-1|1|0|0|0|2|2|0.0
25|1.4153910524340096|-4.906208587152072E-5|9|3|15|4|0|1|1|16|2|14|2|1|1|1|0|0|-1|0|0|0|0|3|0|0|0|0|0|0|2|3|-0.5
17|1.7136992422131834|0.09053615112219959|11|2|10|3|0|1|1|13|0|13|2|0|1|0|0|0|0|0|0|0|0|1|0|3|0|0|0|0|2|2|-0.375
34|1.1632287198966045|-0.004946324845351624|11|2|21|7|0|1|2|12|0|25|4|0|2|0|-1|2|-2|2|0|-1|2|0|-2|4|-3|0|1|-2|3|3|-0.625
46|1.1731302182360357|-0.0038473381830228526|7|1|30|9|0|1|2|6|0|17|6|3|0|2|1|1|12|3|-4|1|0|-3|-1|-11|-3|3|-2|0|3|4|1.0
45|1.0774506972053015|0.007653701481086239|4|1|21|9|2|1|4|4|1|26|7|3|0|3|0|0|-1|0|0|0|0|1|0|0|0|1|0|0|3|3|-0.875
14|1.7524220394128303|0.01904445850670533|16|2|4|1|0|0|0|13|0|9|1|0|2|0|6|2|-6|1|0|-1|0|-3|-2|5|0|0|2|0|2|2|-0.125
38|1.0915449648583968|-0.002474188239416142|8|1|26|6|1|0|1|13|2|17|5|2|0|3|-3|-1|8|0|-1|0|-2|5|1|-11|-1|1|0|2|3|3|-0.875
62|1.0200425917277305|-3.285670775037275E-4|0|0|3|0|1|0|0|0|0|4|2|1|0|1|0|0|-4|-3|0|0|-1|0|0|-2|1|0|0|1|3|3|-0.875
22|1.4100869287038245|0.03933243089504601|14|1|14|1|1|1|0|12|2|15|1|1|0|1|2|-2|0|1|1|1|-1|-2|1|1|0|0|-1|1|3|3|-0.25
29|1.1891476335944335|-0.0067552726283726106|11|0|26|4|0|0|0|8|5|23|3|1|0|3|-1|0|1|-1|0|0|0|0|1|0|0|0|0|0|3|3|-0.75
50|1.0897056274847714|0.0066226109160882896|4|2|15|4|2|0|3|5|0|14|6|2|0|1|-1|2|1|-4|0|0|2|1|-2|-2|2|0|0|-2|3|3|-0.875
50|1.0414213562373096|-8.453338007612388E-4|4|1|19|6|2|0|1|4|0|21|5|2|0|4|-1|1|-1|2|0|0|-2|0|-1|0|-2|0|0|3|3|3|-0.875
37|1.275677243685336|0.04313194114057928|9|1|22|5|3|1|5|7|4|18|4|1|1|2|0|0|0|0|0|0|0|0|-1|2|0|1|0|0|3|3|-0.875
40|1.1826783947341315|-0.004684061403439355|7|2|19|7|1|0|4|6|0|23|2|1|1|4|1|1|-2|4|1|-1|1|-2|-2|5|-6|0|1|0|3|3|-0.875
57|1.0145338092060736|-2.595323072511757E-4|1|1|10|4|2|0|4|0|1|8|4|2|0|1|-1|0|0|0|0|0|0|0|0|0|0|-1|0|0|3|4|1.0
7|2.4467146483928315|-0.7869924434072231|7|0|3|0|0|0|0|8|0|6|1|0|0|0|-1|0|1|0|0|0|0|2|0|0|1|0|0|0|1|2|0.0
55|1.0922012329430084|-0.017048673290540828|2|0|17|5|4|0|4|1|0|15|5|2|0|3|-1|-1|0|1|-2|0|-2|0|0|0|-1|0|0|1|3|3|-0.875
57|1.0538783826643066|-9.621139761484265E-4|1|0|16|5|2|0|3|0|1|13|1|2|0|4|-1|0|-1|-1|0|0|-1|0|-1|-2|0|0|0|0|3|3|-0.875
14|1.744150748250375|-0.025379783529021482|10|0|13|1|0|0|0|9|1|16|0|0|1|0|2|0|-2|1|0|-1|0|-2|1|4|-1|0|1|0|2|2|0.0
36|1.3781742105202925|0.024511250485128366|8|5|21|3|2|0|5|6|0|28|6|1|1|3|2|5|-7|-2|1|-1|4|-2|-5|7|3|-1|1|-2|3|3|-0.875
20|1.3242640687119287|-0.02609668126135456|16|1|13|2|0|1|1|15|3|9|1|0|0|1|0|0|5|1|0|1|0|-2|2|-3|-1|0|-1|0|2|2|-0.625
51|1.0324873382253408|-0.008934018011968803|4|0|22|5|3|1|2|1|1|26|4|2|0|1|-1|0|1|-1|0|0|0|0|0|0|-2|0|0|0|3|3|-0.875
21|1.292169662576736|-0.11783323824113578|11|0|20|1|0|1|0|16|3|14|2|0|1|3|-1|0|1|-1|0|0|0|0|0|3|0|0|0|0|2|2|0.5
51|1.0520951813625956|0.007242367620210022|3|0|20|7|3|0|3|1|1|15|5|2|0|1|0|0|0|0|-1|0|0|0|-1|1|-1|2|0|0|3|3|-0.875
15|1.647651776141258|0.09659630170419597|10|3|9|0|0|0|1|12|0|13|2|0|0|2|0|0|0|0|0|0|0|1|0|3|0|0|0|1|2|2|-0.5
17|1.2851877625048984|0.008064112491762199|5|1|10|4|1|0|0|8|1|10|3|0|0|0|-1|0|1|0|0|0|0|0|0|0|1|-1|0|0|3|4|1.0
5|3.2422205101855956|-0.060555127546399135|2|0|5|0|0|0|0|5|0|6|0|0|0|0|0|0|0|0|0|0|0|1|0|3|0|0|0|0|1|1|0.0
47|1.2281138159944331|-0.0049589959998790345|2|3|15|10|2|0|4|6|0|14|11|3|1|3|0|0|-2|0|0|0|0|-1|0|0|1|0|0|-1|3|4|1.0
37|1.1434361024152773|-0.015490268466343826|8|2|22|8|0|0|3|10|3|26|3|1|1|4|-1|0|0|-1|0|0|0|0|0|1|-1|0|0|0|3|3|-0.875
29|1.3899012341160437|-0.028718385588897943|11|1|18|5|0|2|2|7|2|21|6|0|0|3|-1|0|1|-1|0|0|0|0|1|2|0|0|-1|1|3|2|-0.875
35|1.1281508964068163|0.025642620693917317|5|0|18|7|2|1|1|6|2|17|7|1|0|1|0|0|0|0|0|0|0|0|1|-2|2|0|0|0|3|3|-0.875
39|1.110439379214494|-0.002906299453012906|13|3|20|2|2|1|4|14|0|16|7|0|1|2|-1|0|0|0|0|-1|0|-1|0|0|-1|0|0|0|3|3|-0.875
34|1.1512392830509104|-0.004583008577300207|11|2|24|5|0|0|3|12|1|23|4|0|1|1|-1|1|0|0|0|-1|2|0|-2|0|0|0|1|-2|2|3|-0.875
45|1.0812634277664974|-0.016626021991803963|3|3|22|4|3|0|5|5|0|12|10|2|0|6|0|0|0|-2|0|0|0|-1|-1|0|1|0|0|0|3|4|1.0
12|1.5989667273219703|-0.4292793048126933|10|1|11|0|0|1|0|8|0|15|0|0|0|0|2|1|0|0|0|1|0|-3|-1|5|0|0|-1|0|2|1|-0.25
11|1.841037063578584|-0.019732823332519578|13|1|4|0|0|1|0|11|1|9|0|0|0|0|0|0|0|0|0|0|0|-1|1|3|0|0|0|0|2|2|-0.125
27|1.494901321352808|0.06412985918521419|19|1|13|2|1|2|1|9|0|34|0|0|0|1|0|0|0|0|0|0|0|0|-1|3|0|0|0|0|3|3|-0.75
41|1.1555659414934327|-0.014244487596663191|4|1|26|9|1|0|6|10|2|24|8|0|1|3|-1|0|-1|-1|0|0|-1|1|0|0|0|0|0|0|3|3|-0.875
55|1.0301246227180432|-5.578633836673674E-4|1|0|15|2|1|0|2|3|1|15|3|4|0|3|0|0|-1|-1|0|0|0|-1|0|-1|-1|1|0|1|3|3|-0.875
45|1.0720586819359843|-0.001637697316726916|5|0|23|6|5|0|4|5|1|27|7|1|0|3|-1|-1|0|1|0|0|0|-1|0|-1|1|0|0|1|3|3|-0.875
30|1.2215853011468985|-0.007640872453340997|3|2|19|7|0|0|4|10|2|23|3|0|3|1|-9|1|-3|5|-1|-3|4|5|0|6|-4|0|3|-3|2|4|1.0
62|1.013361727818487|-0.007009430986747223|1|0|5|1|1|0|2|0|0|3|1|3|0|2|1|0|0|-2|-2|0|-2|-1|0|-3|-2|2|0|-1|3|4|1.0
26|1.446197159980444|-0.0012793439042939614|9|0|20|7|0|0|1|18|2|16|6|0|2|0|-8|-2|3|3|0|-2|1|9|2|-5|-1|0|2|-1|2|2|-0.625
33|1.314092672181568|-0.009815396005673938|9|4|13|5|2|0|1|14|3|18|7|1|2|1|0|0|-3|0|0|0|0|0|0|2|1|0|0|0|3|3|-0.875
38|1.096233006565589|0.008594069075878563|5|3|23|2|2|0|3|10|1|21|9|0|0|4|-4|3|2|-7|2|0|0|5|-2|-3|6|-2|0|0|3|3|-0.875
56|1.0295866830266496|-0.008069095370904611|1|0|18|2|4|0|3|1|0|13|2|6|0|4|0|0|3|-2|-1|0|0|-1|0|-5|-1|2|0|0|3|3|-0.875
18|1.345931820134131|0.10684387294319087|12|2|16|1|0|1|0|15|1|13|1|0|1|0|-3|1|5|1|0|0|0|3|-1|-3|0|0|0|0|2|2|-0.25
56|1.0443800245399744|-8.069095370906165E-4|1|0|10|4|5|0|3|0|2|11|4|2|0|6|0|-1|-4|-1|3|0|-3|-1|1|1|1|-4|0|3|3|3|-0.875
16|1.7000036260223401|-0.0194908515512493|11|0|14|0|0|0|0|17|1|8|2|0|1|0|-3|-1|5|-1|0|-1|0|6|1|-6|2|0|1|0|2|2|0.125
62|1.0200425917277305|-3.285670775037275E-4|0|0|7|1|1|0|2|0|0|2|2|0|0|1|0|0|2|-2|1|0|1|0|0|-7|0|-1|0|-2|3|3|-1.0
26|1.6110195940491374|-0.024440783761965568|13|1|14|3|1|1|1|18|2|11|2|1|2|0|-5|0|2|0|0|-1|1|4|1|-2|-2|0|1|-1|3|3|-0.875
58|1.048765984909417|-8.555435949020307E-4|0|0|8|6|5|0|3|1|0|11|4|0|0|4|-1|0|-5|2|4|0|-1|0|0|3|-2|-5|0|1|3|4|1.0
9|3.4046132499627695|-0.35235335154198255|6|1|8|0|0|0|0|7|2|6|0|0|0|1|-1|0|1|0|0|0|0|-1|1|1|0|0|0|0|2|2|0.0
39|1.0212417211473384|-0.026874782135456243|8|0|24|6|0|0|1|8|2|27|4|2|0|1|-2|0|2|0|0|0|0|0|0|3|0|0|0|0|3|3|-0.875
26|1.544182886243425|0.02767540365025467|15|3|14|4|0|0|2|16|2|18|3|1|2|1|1|1|-5|1|0|-1|1|1|-1|4|-1|1|2|-1|2|3|-0.5
17|1.438990631759656|-0.027436914484978425|9|1|16|0|0|1|0|13|2|13|0|1|0|0|0|0|-1|0|0|0|0|1|1|1|0|0|0|0|2|3|0.125
30|1.4785254322302104|-0.002217650684728234|9|2|17|6|2|1|1|9|3|30|4|0|0|2|1|-1|-15|3|2|1|-1|0|1|12|-2|-2|-1|1|3|3|-0.875
44|1.1433439952128468|-0.0033335812840196155|5|1|28|5|1|1|3|5|1|22|8|0|1|3|1|0|4|-2|1|1|2|0|0|-6|2|-1|0|0|3|3|-0.875
59|1.058961163807103|-0.0010165717897776538|0|0|15|0|0|0|0|0|0|12|5|1|0|3|0|0|-1|-1|0|0|0|0|0|-4|1|0|0|0|3|3|0.875
56|1.0221900122699872|-0.00793461044805599|3|0|15|7|2|0|4|0|0|18|5|1|0|3|3|0|-5|3|1|0|1|-3|-1|2|-2|-1|0|-2|3|3|-0.875
16|1.858408842497247|0.009439410500183598|17|3|7|0|0|0|1|13|0|11|2|0|2|0|5|3|-2|-3|0|-2|1|-4|-3|4|2|0|2|-1|2|3|-0.375
1|0.0|NaN|0|0|0|0|0|0|0|4|0|0|0|0|0|0|0|0|0|0|0|0|0|4|0|0|0|0|0|0|0|1|0.0
50|1.1840011603271485|0.004698212286651904|4|0|12|4|6|1|3|3|3|13|6|6|0|7|0|-3|-4|-1|0|1|-2|-1|3|0|2|0|-1|4|3|4|1.0
13|1.7017244226824972|0.10818963144312521|6|1|11|0|0|0|0|9|1|14|1|0|0|0|0|0|0|0|0|0|0|1|0|2|0|0|0|0|2|2|0.0
43|1.0906859287584107|-0.002159188779962129|9|1|21|5|1|1|1|8|3|16|5|2|0|4|0|0|-1|-1|0|0|-1|-1|-1|-1|0|1|0|0|3|4|1.0
53|1.0312614009338186|-6.011807871888486E-4|2|1|18|5|4|1|1|1|1|16|4|1|0|1|0|0|-2|-1|0|0|0|0|-1|-4|0|1|0|0|3|3|-0.875
41|1.119339566512004|-0.0029834891628002236|4|3|33|3|1|0|5|9|1|20|8|1|0|3|0|0|0|-1|0|0|0|1|0|-2|1|0|0|0|3|3|-0.875
26|1.2401015648892033|0.006964479899355558|15|1|21|5|0|0|0|18|2|16|2|0|3|0|0|-1|6|3|0|-3|0|3|1|-6|-3|0|3|0|2|3|0.125
26|1.2645020885495095|0.03886263555801128|8|0|23|2|2|0|1|5|3|24|0|0|0|1|1|-3|2|2|2|-2|1|-3|3|1|-2|-2|0|0|3|3|-0.875
47|1.0741549228561396|-0.0016120635403509276|2|0|16|10|3|0|4|3|1|27|3|1|0|7|0|0|-2|0|0|0|0|0|0|0|0|-1|0|1|3|4|1.0
12|2.1137548484993123|0.08056774104551678|14|1|5|1|0|1|0|10|1|8|2|0|0|1|2|1|-1|0|0|0|0|-4|0|3|1|0|-1|1|2|2|-0.125
37|1.2422700010502066|-0.006729722251394676|7|1|18|8|4|0|2|18|2|14|5|2|0|4|-1|0|0|0|0|0|0|1|0|-3|1|0|0|1|3|3|-0.875
21|1.8562418609622569|-0.09281209304811289|17|0|16|2|0|2|1|8|1|23|1|0|1|2|-1|0|1|0|0|0|0|0|0|1|0|0|0|0|3|2|-0.75
25|1.221991059059382|0.008009270971404803|12|0|20|2|0|1|0|11|1|18|3|1|0|1|-1|0|1|0|0|-1|0|1|-1|-1|0|1|0|0|3|3|-0.75
54|1.061243255358616|0.006659817113480626|1|0|19|3|6|0|2|1|0|18|4|2|0|5|0|0|-2|-1|3|0|-4|-1|0|0|1|-4|0|3|3|4|1.0
8|2.567754108458211|0.08493193595859516|5|0|10|0|0|0|0|12|0|3|0|0|1|0|-3|0|7|0|0|0|0|7|0|-7|0|0|1|0|1|1|0.0
19|1.3936162455062673|-0.06789129834735874|14|2|10|1|1|0|1|10|0|20|1|0|0|0|0|0|-1|0|0|0|0|0|0|4|0|0|0|0|3|2|-0.375
39|1.0785767974934868|-0.02838359993403916|6|3|19|4|0|0|2|6|0|36|4|2|0|3|0|0|-1|0|0|0|0|0|-1|3|0|1|0|0|3|3|-0.875
37|1.100577009506442|-0.06508938046182577|6|4|23|3|0|0|1|13|2|22|8|0|0|0|0|0|-1|-1|0|0|0|2|0|2|0|0|0|0|2|3|-0.75
40|1.082842712474619|-0.053406223396785135|6|2|20|4|5|0|2|8|2|31|4|0|2|2|-2|0|-7|0|5|-2|1|2|0|10|0|-5|2|0|3|3|-0.875
60|1.0138071187457698|-2.3401896179264803E-4|1|0|7|4|1|0|0|0|0|7|4|2|0|1|1|0|-3|0|-1|0|-1|-2|0|-2|0|1|-1|1|3|4|1.0
54|1.0765844984094712|-0.012497564830875163|3|1|21|2|4|0|1|1|0|16|6|3|0|4|2|1|6|-4|1|0|-3|-3|-1|-7|4|-1|0|3|3|3|-0.875
12|2.2180017415179702|-0.6123232810610584|13|1|7|0|0|0|0|8|1|9|1|0|0|1|5|0|1|-1|0|0|-1|-5|0|1|1|0|0|1|2|2|-0.125
5|3.1622776601683795|-0.32746457370780035|8|0|0|0|0|0|0|6|0|5|0|0|0|0|0|0|0|0|0|0|0|1|0|2|0|0|0|0|1|1|0.0
63|1.0355974712241156|-0.007255016670922876|0|0|1|3|0|0|2|0|0|2|1|1|0|1|0|0|-2|0|-2|0|-2|0|0|-1|-2|0|0|-2|3|4|1.0
48|1.0517766952966368|-0.001101631814822035|4|2|19|6|3|0|3|3|1|18|9|4|0|3|0|1|-3|-2|-1|0|1|-1|-1|-3|3|1|0|0|3|3|-0.875
22|1.4175869362326567|-0.16581343040374463|12|5|13|1|0|0|1|19|1|16|0|0|4|0|-5|4|-2|1|0|-2|1|5|-4|4|-1|0|4|-1|3|2|-0.5
58|1.021424839433091|0.006891030227017536|1|1|11|1|2|0|2|1|0|10|4|2|0|3|0|0|-2|-3|0|0|-2|0|-1|-4|3|0|0|1|3|4|1.0
9|1.7903469199763373|0.05571513219043167|9|0|5|1|0|0|0|16|0|2|1|0|1|0|0|0|0|0|0|0|0|3|0|-1|1|0|1|0|2|2|0.0
20|1.2742640687119287|-0.12309258794515299|13|1|17|2|0|0|0|16|0|11|2|0|1|0|-3|1|10|0|0|-1|0|3|-2|-6|1|0|1|0|3|2|-0.5
30|1.170966340149732|0.0367276426672436|9|0|27|2|1|0|0|17|1|17|4|1|4|1|-6|0|10|-2|0|-3|-1|8|1|-10|2|0|4|1|3|3|-0.625
47|1.0778054095636678|-0.010696064607320865|2|1|28|6|2|0|3|3|1|20|2|4|0|3|-1|-1|0|1|0|0|0|0|0|1|-1|0|0|0|3|3|-0.875
37|1.3698740375836758|-0.015040192023263232|9|5|14|6|1|0|4|6|3|18|5|4|0|3|0|0|0|-2|0|0|0|1|-2|0|0|1|0|0|3|3|-0.875
11|1.7707916967835522|-0.16970013794521432|13|2|3|0|0|0|0|12|1|5|2|0|0|0|0|0|0|0|0|0|0|2|1|0|0|0|0|0|2|2|-0.125
1|0.0|NaN|0|0|0|0|0|0|0|0|0|3|0|0|0|0|0|0|0|0|0|0|0|0|0|3|0|0|0|0|0|1|0.0
27|1.3140262468377433|-0.01207793257068257|16|2|10|5|0|2|3|15|2|17|4|0|2|2|0|-1|0|1|0|0|0|-1|0|1|1|0|0|0|2|2|-0.875
50|1.0531370849898476|0.007368907701699179|5|2|20|7|2|0|3|2|1|12|8|2|0|6|3|0|6|-1|0|0|-4|-3|-1|-9|1|0|0|3|3|4|1.0
54|1.046023729152566|-0.008683722481616307|0|0|17|5|0|0|3|3|0|14|7|7|0|7|-2|0|1|-1|-7|0|-2|3|0|-5|1|7|0|3|3|3|-0.875
19|1.459018386933598|0.04316942169812177|13|2|14|1|0|0|1|20|1|10|2|0|1|0|0|0|0|0|0|0|0|2|1|0|0|0|0|0|2|2|-0.625
34|1.2825793785032655|-0.07092429609484086|9|1|18|4|1|0|2|13|2|18|5|1|0|1|-5|-1|3|0|0|0|1|4|1|-4|1|0|0|-1|3|3|-0.875
15|1.8088591411749413|0.12833515244921756|8|1|12|0|0|0|0|17|0|12|0|0|1|0|0|0|0|0|0|0|0|4|0|0|0|0|0|0|2|1|-0.125
36|1.1751982163712573|-0.03357709189632163|10|3|23|8|0|0|2|11|2|21|6|1|0|2|-2|2|2|3|-1|0|1|1|-2|-4|-1|1|0|-1|3|3|-0.875
29|1.1852286514348707|-0.006615308979816659|8|2|21|3|2|0|2|14|3|24|1|1|1|3|-1|0|1|0|0|-1|0|0|1|1|-1|1|-1|2|3|3|-0.875
57|1.029067618412147|-5.190646145027955E-4|1|0|16|1|2|0|0|0|0|15|5|3|0|3|0|0|-2|-1|-1|0|-1|0|0|-1|1|0|0|2|3|3|-0.875
30|1.2045187638037151|-0.04153512978633489|11|1|26|3|1|2|2|17|1|17|1|0|0|1|-6|0|8|2|1|2|1|5|-1|-9|-1|-1|-2|-1|3|3|-0.875
22|1.3724311503062703|-0.10448978883014104|15|2|13|3|0|2|2|9|1|17|4|0|0|1|6|2|-2|-1|0|2|1|-8|-1|6|1|0|-2|-1|2|2|-0.5
4|2.274754878398196|-3.3606594414967836|7|0|1|0|0|0|0|4|0|3|0|0|0|0|6|0|-1|0|0|0|0|-4|0|3|0|0|0|0|1|1|0.0
11|1.6324924844761954|-0.0632492484476197|10|0|6|2|0|2|0|9|0|9|0|0|0|0|0|-1|0|1|0|0|0|1|0|0|0|0|0|0|2|2|-0.125
14|2.3527733499333783|0.0233908384276158|14|3|5|1|0|0|2|6|2|13|1|0|0|0|9|1|-6|0|0|0|2|-8|-1|8|0|0|0|-2|2|2|-0.375
8|1.528346595301795|-0.2520592246859408|10|0|6|0|0|1|0|8|0|5|0|0|1|0|2|0|3|0|0|0|0|-3|0|0|0|0|0|0|1|1|-0.125
27|1.566099820557068|0.016688468440112736|11|3|24|2|0|1|3|18|0|14|6|0|1|0|0|0|0|0|0|0|0|3|0|-1|1|0|0|0|2|2|-0.625
3|4.162950646118202|0.039845020500541395|4|0|0|0|0|0|0|8|0|0|0|0|0|0|0|0|0|0|0|0|0|4|0|0|0|0|0|0|1|1|0.0
5|3.1914834658476297|-0.09076408527536017|5|0|3|0|0|0|0|9|0|3|0|0|0|0|0|0|0|0|0|0|0|4|0|0|0|0|0|0|1|1|0.0
29|1.2379136185038506|-0.0380835979732157|9|1|22|2|0|0|1|13|1|23|5|1|0|0|-2|0|2|0|0|-1|0|0|0|3|0|0|0|0|2|3|-0.625
51|1.0831890330807703|-0.0016637806616155437|3|0|16|6|4|0|2|2|1|20|6|2|0|2|0|0|-2|0|0|0|0|-1|0|1|-1|2|0|0|3|3|-0.875
30|1.3570684712217642|0.02217005271649075|17|1|24|3|0|3|3|10|2|11|7|0|0|4|6|0|9|-2|0|3|1|-7|1|-13|4|0|-3|1|3|3|-0.875
50|1.0648528137423856|-0.009776864818683118|4|1|18|7|2|0|3|2|1|21|5|2|0|1|2|0|-5|2|0|0|2|-2|0|1|-2|0|0|-2|3|4|1.0
62|1.0|0.0|0|0|6|2|0|0|0|0|0|5|1|0|0|1|0|0|-1|1|0|0|-1|0|0|-4|-1|0|0|1|3|3|0.0
16|1.7047124962472133|0.035423698750171706|20|1|8|0|0|2|0|6|1|18|1|0|0|1|15|0|-7|-1|0|2|-1|-14|0|10|1|0|-2|1|2|2|-0.25
43|1.181066150092659|-0.004311098811729863|8|1|21|4|2|1|3|5|0|20|9|3|0|8|0|0|-1|0|0|0|0|-1|0|-1|2|0|-1|2|3|3|-0.875
18|1.7586847803695607|0.028081364537072107|14|1|10|2|1|0|1|12|4|14|1|0|0|0|1|-2|-1|1|1|0|1|-2|3|4|-1|-1|0|-1|3|2|-0.625
39|1.1706885704998047|-0.004491804486836948|6|2|21|7|0|0|4|8|1|22|10|0|0|6|0|-1|0|1|0|0|0|0|0|1|0|0|0|0|3|4|1.0
21|1.6162642573587247|-0.19559786189957595|12|2|14|2|0|1|0|16|0|14|3|0|0|0|-2|0|2|0|0|-1|0|1|-1|1|0|0|0|0|2|3|0.125
51|1.0602170159189308|-0.009488611565840577|4|0|15|8|2|0|4|6|0|14|9|2|1|4|0|0|-2|-1|0|0|-1|-2|0|0|2|0|0|1|3|3|-0.875
34|1.1976867456393636|-0.005990507443617066|10|1|18|5|1|0|2|12|2|18|3|2|1|3|-2|-1|2|2|-1|-1|-1|2|1|-1|-2|1|1|1|3|3|-0.875
4|3.78592180749938|-0.2078813824436665|4|0|3|0|0|0|0|8|0|0|0|0|1|0|0|0|3|0|0|0|0|4|0|-3|0|0|1|0|1|1|0.0
53|1.0156307004669092|-3.005903935944243E-4|1|0|15|7|3|0|3|2|0|24|5|4|0|6|0|0|-2|0|0|0|0|0|0|-1|0|0|0|1|3|3|-0.875
26|1.2227852755232247|-0.0157743260310812|13|1|15|2|1|0|1|13|2|18|2|0|0|1|1|-1|-1|0|1|0|0|0|1|3|0|0|0|0|3|2|-0.875
4|1.6035533905932737|-1.450539162796186|2|0|4|1|0|0|0|0|0|6|0|0|0|0|2|0|1|1|0|0|0|-4|0|4|-1|0|0|0|2|1|-0.125
22|1.4315789326013142|-8.269223918198065E-4|16|0|15|2|0|1|0|17|1|11|2|1|1|0|1|-1|4|1|-1|1|0|0|1|-3|0|1|0|0|3|3|-0.75
40|1.1785533905932737|-0.004578292066494072|5|4|26|10|1|1|8|6|1|23|6|1|0|0|-1|3|6|3|1|1|8|0|-3|-4|-4|0|-1|-8|3|3|-0.875
35|1.0877447946247278|0.02683103545221388|8|3|17|3|2|1|2|11|5|17|5|0|1|1|0|0|0|0|0|0|0|1|0|1|0|0|0|0|3|2|-0.875
35|1.1683692064854905|-0.004952035484867556|9|2|25|5|1|1|1|8|1|25|5|2|0|3|0|0|-1|-1|0|0|0|0|0|1|0|1|0|1|3|3|-0.875
22|1.2977171125674796|-0.033901460711456055|9|3|19|1|0|0|0|11|3|14|2|1|2|1|-3|0|8|0|-1|-2|-1|1|0|-4|1|1|2|1|2|3|0.5
1|0.0|NaN|0|0|0|0|0|0|0|4|0|0|0|0|0|0|0|0|0|0|0|0|0|4|0|0|0|0|0|0|0|1|0.125
7|2.5687727956898776|-1.1033537464494771|5|0|6|0|0|0|0|7|1|7|0|0|0|0|-1|0|1|0|0|0|0|3|0|1|0|0|0|0|1|2|0.125
43|1.1644434374852437|-0.0039153199401247285|7|0|24|12|2|1|1|5|4|20|7|3|0|4|0|0|-2|0|0|0|0|-2|0|-2|0|2|0|2|3|3|-0.875
59|1.023969721396154|-0.007554884202918055|1|0|7|3|1|0|2|1|0|8|7|1|0|2|0|0|-1|-1|-1|0|-1|0|0|0|0|0|0|0|3|3|-0.875
4|2.118033988749895|-0.8633899812498247|8|0|0|0|0|0|0|8|0|0|0|0|1|0|4|0|0|0|0|0|0|0|0|0|0|0|1|0|1|1|0.0
33|1.3071382701245895|-0.009598070941393422|15|2|18|3|1|1|3|12|2|18|0|2|2|2|-3|0|3|0|0|-2|0|-1|1|-2|-1|0|0|-1|3|4|1.0
32|1.1843592167691146|0.02631099300744788|13|1|18|6|1|2|2|5|1|26|3|1|0|1|7|0|-8|3|1|2|1|-8|0|8|-3|0|-2|-1|3|3|-0.875
56|1.036983353783312|-6.724246142422174E-4|0|0|12|6|1|0|1|2|0|12|5|1|0|2|-2|-1|-2|1|0|0|-2|1|0|-2|-2|0|0|0|3|4|1.0
48|1.076184463531091|-0.0016209460325762315|8|1|20|4|0|1|1|2|1|24|5|1|0|1|6|0|-3|-2|-1|1|0|-6|0|1|1|1|-1|0|3|3|-0.75
19|1.756401625874276|-0.07814906476373129|9|1|17|1|0|1|1|15|1|14|1|0|0|0|0|-1|0|1|0|0|0|0|0|2|0|0|0|0|2|2|-0.375
56|1.0548404966404548|-9.970999389175006E-4|1|0|12|4|2|0|3|1|2|14|5|2|0|3|0|-2|-4|-1|0|0|0|0|2|-1|1|0|0|0|3|3|-0.875
45|1.121895141649746|0.01995692859886944|6|2|18|8|0|0|2|4|3|28|4|3|0|3|0|0|0|0|0|0|0|0|0|0|0|0|0|1|3|3|-0.875
56|1.0443800245399744|-8.069095370906165E-4|1|0|10|4|3|0|4|2|0|10|7|5|0|6|-2|0|-1|-3|-2|0|-1|1|0|-1|1|2|0|2|3|4|1.0
35|1.2255120636283476|-0.006632707753774891|9|2|27|3|1|0|2|14|2|24|5|0|3|0|0|0|-2|0|0|0|0|1|0|1|1|0|0|0|3|3|-0.75
34|1.1319200404187815|-0.00399757698238723|10|2|31|2|0|1|1|11|2|22|6|2|1|3|-3|0|8|-2|-1|0|1|0|0|-9|4|2|0|2|2|3|-0.625
37|1.252078395329793|-0.05284333153340781|8|1|25|6|1|0|2|9|2|23|5|3|1|6|-1|0|1|-2|0|0|0|-1|1|3|0|0|0|1|3|3|-0.875
61|1.0271615450736455|0.006450866954990753|0|0|1|3|1|0|2|0|0|9|5|2|0|5|0|0|-1|-1|-1|0|-1|0|0|1|-2|-1|0|-2|3|4|1.0
60|1.0276142374915396|-4.680379235855181E-4|0|0|7|4|0|0|4|0|0|10|1|3|0|0|0|0|-2|1|-3|0|3|0|0|1|-5|3|0|-4|3|4|1.0
27|1.1661215323792065|-0.022320580567396275|13|2|16|3|0|0|1|13|2|17|3|0|1|3|0|0|-1|0|-1|0|-1|0|1|-1|1|0|-1|2|3|2|-0.5
6|1.2761423749153968|-1.2694420373561741|6|0|4|0|0|0|0|1|0|8|0|0|0|0|5|0|0|0|0|0|0|-5|0|3|0|0|0|0|1|1|-0.125
39|1.0743460240156837|-0.012856831220757314|8|0|29|6|0|0|1|8|1|27|8|1|0|2|-1|0|-1|0|0|0|0|-1|0|1|2|0|0|0|3|3|-0.625
58|1.0142832262887274|-2.5058291734603166E-4|0|0|8|5|3|0|3|0|0|11|3|1|0|1|0|0|-3|-1|2|0|2|0|0|0|-3|-3|0|-2|3|3|-0.875
59|1.0351028442689063|-6.052214529121969E-4|0|0|6|4|1|0|5|0|0|7|5|0|0|1|0|0|-3|0|-1|0|-1|0|0|-2|-1|0|0|-2|3|4|1.0
29|1.4933495099781124|0.01809466035792462|11|4|16|3|3|1|2|14|4|20|1|1|1|5|0|0|0|0|0|0|0|0|0|2|0|0|0|1|3|3|-0.875
63|1.0131496369007331|-2.1209091775364897E-4|0|0|1|3|0|0|2|0|0|1|2|1|0|1|0|-1|-1|1|0|0|0|0|0|0|-2|-1|0|-2|3|4|1.0
50|1.0779898987322332|-0.001591630586372128|3|2|18|9|2|0|2|5|3|17|8|1|1|3|-2|-1|0|1|0|-1|-2|2|1|-2|-1|-1|1|1|3|4|1.0
27|1.3254016464438645|0.0034158429203550167|9|3|20|2|1|0|0|7|4|25|3|0|0|3|-1|0|1|0|0|0|0|2|0|-1|1|0|0|3|3|2|-0.625
58|1.0214248394330911|-3.758743760191585E-4|1|0|12|4|3|0|3|0|0|8|5|2|0|3|1|0|3|-2|1|0|0|-1|0|-5|0|-1|0|0|3|4|1.0
8|2.5797888160375146|0.08321269201869486|11|1|3|0|0|1|0|9|0|4|1|0|0|0|6|1|-1|-1|0|1|0|-2|-1|1|1|0|-1|0|2|2|-0.25
59|1.0520519968112791|-8.974482208843337E-4|0|0|7|3|0|0|0|0|0|11|3|4|0|2|0|0|0|0|-1|0|0|0|-1|-4|0|0|0|-1|3|4|1.0
37|1.2978895251752467|-0.0360524868104235|6|3|15|4|4|0|1|16|2|21|5|2|2|3|-1|0|0|-1|1|0|-1|1|0|0|0|0|1|0|3|3|-0.875
22|1.2597625746417667|-0.032094101762612626|6|3|17|3|1|0|0|9|3|18|1|0|0|1|-3|0|0|2|1|0|-1|3|-1|1|-1|0|0|1|3|2|-0.625
55|1.0727272727272728|-0.0013468013468014295|1|1|16|4|4|0|2|2|0|19|3|0|0|1|0|0|0|-1|0|0|0|0|0|-2|0|0|0|0|3|3|-0.875
13|1.8120304534678955|0.09899746221100836|8|0|10|0|0|0|0|15|0|9|0|0|0|0|0|0|0|0|0|0|0|1|0|3|0|0|0|0|1|3|0.5
45|1.0828427124746192|-0.0299752429539637|7|1|19|8|0|1|2|4|0|19|9|4|0|5|-2|0|1|0|0|0|0|0|0|2|0|0|0|0|3|3|-0.875
47|1.0917810318932926|-0.0019952398237672586|4|0|13|6|7|0|2|4|2|25|6|3|1|6|0|0|-1|0|0|0|0|0|0|0|0|-1|0|-1|3|4|1.0
5|3.4460040325684838|0.6591896244324338|2|0|5|0|0|0|0|6|0|4|0|0|0|0|0|0|0|0|0|0|0|1|0|2|0|0|0|0|1|1|0.0
6|2.6186834742719216|0.10871883717929176|9|0|2|0|0|0|0|6|0|6|0|0|0|0|4|0|-1|0|0|0|0|-3|0|4|0|0|0|0|1|1|-0.125
45|1.036818983322053|-8.367950755010511E-4|2|2|27|4|4|0|2|4|3|19|4|3|1|1|0|0|-3|0|0|0|0|-1|1|-2|1|0|0|0|3|3|-0.875
12|1.853005664791649|-0.3502732422537862|15|1|6|0|0|0|0|13|0|8|0|0|0|0|5|1|-1|0|0|0|0|-2|-1|1|0|0|0|0|2|1|-0.125
52|1.0909215781030355|0.01782506709601872|2|1|18|7|3|1|3|3|1|16|8|0|1|6|-2|-1|2|-1|3|0|-4|1|0|-2|1|-3|0|3|3|4|1.0
61|1.0231838288913622|-3.863971481894435E-4|0|0|8|1|0|0|0|0|0|9|2|1|0|1|0|0|-1|-1|-1|0|-1|0|0|-2|-2|1|0|-1|3|4|1.0
11|2.1545088043781035|0.10077688557902764|8|1|6|1|0|0|0|14|0|8|1|0|1|0|0|0|0|0|0|0|0|4|0|0|0|0|1|0|2|2|-0.125
59|1.0|0.0|0|1|7|6|0|0|3|1|0|9|7|1|0|2|-1|0|-1|-1|0|0|-1|0|0|0|0|0|0|0|3|3|-0.875
17|1.5225662948180436|0.04459385516760905|12|0|15|1|0|0|0|12|1|19|0|1|0|1|0|0|0|0|0|0|0|1|0|3|0|0|0|0|2|3|0.25
32|1.1808076391870106|0.0340406560746056|14|1|20|5|0|1|3|12|3|15|7|0|1|5|2|-2|8|-2|0|0|-2|-2|2|-5|2|0|0|2|3|2|-0.875
42|1.0731206621872733|-0.0017834307850552733|10|3|18|4|0|0|4|10|2|23|7|1|1|1|-1|1|-5|-2|-1|-1|4|0|-2|4|4|1|1|-3|3|3|-0.875
11|1.6642850717604787|0.11641420529857105|6|0|7|2|0|0|0|14|0|8|0|0|0|0|0|0|0|0|0|0|0|4|0|0|0|0|0|0|2|1|0.0
60|1.0138071187457698|-0.007254587815574087|0|0|8|1|1|0|1|0|0|9|3|1|0|1|0|0|-2|-3|0|0|-1|-1|0|2|0|0|0|0|3|4|1.0
22|1.286687990425694|-0.00516868597868525|13|1|18|3|0|2|0|17|1|12|3|0|2|1|-3|0|7|0|0|1|-1|2|0|-4|0|0|0|1|3|2|-0.75
38|1.159591976374894|-0.004313296658780885|12|1|28|4|2|1|5|7|1|22|4|2|0|3|5|0|6|-1|1|1|3|-5|-1|-6|1|0|-1|-2|3|3|-0.875
31|1.2168177210238178|-0.021034376113230557|13|2|20|2|0|0|1|8|2|16|8|0|0|1|-2|0|1|0|0|-1|0|-2|1|0|1|-1|0|0|3|4|1.0
13|2.3823545736504417|0.10193305848446244|11|2|6|1|0|1|0|6|2|8|2|0|1|0|0|0|0|0|0|0|0|3|0|-1|1|0|1|0|2|2|-0.125
26|1.2357303924804601|-0.09200901978905751|10|2|17|2|2|2|1|9|4|21|4|0|0|1|1|-2|-1|-2|2|2|0|-1|2|2|2|-2|-2|0|3|2|-0.875
42|1.110877482130771|-0.008462084381233081|5|2|24|7|1|0|4|4|3|17|6|2|0|3|2|-1|8|1|-1|0|1|-1|0|-8|0|1|0|-1|3|3|-0.875
59|1.045031427957498|-7.764039303017611E-4|0|1|8|6|1|0|3|1|0|6|4|1|0|2|-2|0|1|0|-1|0|0|0|0|-3|-1|0|0|0|3|3|-0.875
28|1.1895405639059025|0.008321222165451614|15|0|20|2|1|2|0|7|1|26|3|0|1|0|7|0|-5|0|1|1|0|-8|1|4|1|-1|-1|0|3|2|-0.625
52|1.0431277055215247|-0.052940822647331576|2|1|26|3|3|0|3|4|1|16|4|5|0|3|-2|0|12|-1|-2|0|0|2|-1|-11|1|2|0|-1|3|3|-0.875
45|1.046023729152566|-0.001045993844376536|7|0|25|8|0|0|1|9|0|16|5|5|0|6|0|0|0|-1|0|0|0|0|0|-3|1|1|-1|2|2|3|-0.625
46|1.1153725171601143|-0.011768579545182511|2|3|24|6|2|0|4|2|1|25|8|1|0|3|-1|2|-1|-1|1|0|1|0|-2|1|1|-1|0|-1|3|3|-0.875
44|1.1568067031048104|-0.0036466675140653937|4|0|25|6|2|0|0|7|0|22|7|1|0|2|-2|0|0|0|1|0|-2|3|-1|-4|2|-1|0|1|3|3|-0.875
9|2.1898004369443744|-0.14872505461804675|8|0|6|0|0|0|0|10|0|9|0|0|1|0|0|0|0|0|0|0|0|1|0|3|0|0|0|0|1|1|0.0
8|4.172477633884572|0.2610746237307753|5|1|4|2|0|0|0|2|0|13|0|0|0|0|4|1|-6|2|0|0|0|-3|-1|9|-2|0|0|0|2|1|-0.125
46|1.1909966185648766|0.004960376529071331|4|1|25|5|2|0|2|7|1|21|7|1|1|5|-3|-1|3|0|1|0|-4|2|0|-3|2|-1|1|3|3|4|1.0
60|1.0235702260395516|-3.9949535660244173E-4|0|0|8|2|2|0|2|1|0|8|2|1|0|2|-1|0|-3|0|0|0|0|1|0|-2|-1|-2|0|0|3|4|1.0
10|1.699070478491457|-0.10786346872591768|10|1|4|0|0|0|0|5|0|9|1|0|0|0|8|1|-6|0|0|0|0|-5|-1|5|1|0|0|0|2|2|-0.125
25|1.497707948139069|-0.05256833210997014|13|0|20|2|0|2|0|18|1|15|3|0|3|2|0|-1|0|1|0|0|0|2|0|0|1|0|0|0|3|2|-0.875
50|1.0248528137423856|-5.072002804569209E-4|6|0|20|7|1|1|1|4|1|15|8|4|0|6|2|-1|4|-1|-3|1|-5|-3|1|-6|1|2|-1|5|3|3|-0.875
23|1.256214009869225|-0.06783099942586435|13|1|20|2|0|0|2|12|1|25|2|0|1|2|0|0|-1|0|0|0|0|3|0|1|0|0|1|0|2|3|-0.75
42|1.1125695728894724|0.0073571704752102285|6|2|25|2|0|0|1|9|3|9|4|4|1|1|-6|0|15|-4|-4|-2|-2|2|1|-15|2|4|1|0|3|4|1.0
53|1.034498624995211|-6.634350960617041E-4|0|1|19|8|2|0|1|4|1|19|5|3|0|4|0|0|-2|-1|0|0|0|0|0|1|-1|0|0|0|3|3|-0.875
57|1.0538783826643066|-9.621139761482045E-4|2|0|11|3|2|0|2|0|2|12|6|2|0|1|-1|0|0|-2|0|0|-1|-1|0|-2|1|0|0|-1|3|4|1.0
12|2.805907869696673|-0.2850157601128638|9|2|8|1|0|0|0|3|0|17|1|0|1|1|7|2|-6|0|0|0|-1|-6|-2|9|0|0|1|1|2|2|-0.125
3|3.3333333333333335|0.3333333333333335|4|0|0|0|0|0|0|2|0|6|0|0|0|0|0|0|0|0|0|0|0|1|0|3|0|0|0|0|1|1|0.0
14|1.5277893158987672|-0.04059917814605907|5|0|14|1|0|0|0|11|1|10|1|0|1|0|-4|-1|3|1|0|-1|0|6|1|-6|0|0|1|0|2|2|0.125
48|1.0811025463956703|-0.0017255860935248002|5|0|17|7|1|0|3|5|0|20|6|2|0|3|1|0|-4|1|0|0|2|0|0|1|-1|1|0|0|3|3|-0.875
18|1.3964201618950811|-0.04768433672165728|11|1|17|1|0|1|0|11|0|13|2|1|0|0|-1|1|6|0|-1|1|0|-1|-1|-4|1|1|-1|0|2|3|-0.125
4|4.1930540665727944|-0.7917509946721033|1|0|6|0|0|0|0|6|1|0|0|0|0|0|-3|0|6|0|0|0|0|5|1|-6|0|0|0|0|1|2|0.125
36|1.2144819264371765|-0.06308312048050535|7|1|28|4|1|0|3|4|2|22|3|2|0|5|4|-1|6|0|0|0|-2|-4|1|-5|-2|1|0|2|3|3|-0.875
22|1.3664442089445474|0.08551587862970611|13|2|13|1|1|0|0|13|0|19|1|2|1|0|0|2|-3|0|-1|-1|0|0|-2|6|0|1|1|0|3|3|-0.625
26|1.2764197152737866|-0.04419387360079874|7|3|18|3|1|1|3|12|1|19|6|0|1|1|-6|2|1|-2|1|0|2|4|-2|2|3|0|0|-2|3|2|-0.875
61|1.0695514866740867|0.015507475222098721|0|0|9|0|3|0|2|0|0|8|1|0|0|1|0|0|0|0|0|0|0|0|0|-3|0|-2|0|-1|3|4|1.0
45|1.257802803544256|-0.005859154626005836|5|1|31|6|3|0|6|9|1|13|8|3|2|2|-2|0|2|-1|0|0|0|1|0|2|-1|0|0|0|3|3|-0.875
43|1.07142018167129|-0.0017004805159832603|9|1|17|5|0|1|1|5|3|26|6|1|0|2|0|0|-4|0|0|0|0|0|0|2|0|0|0|0|3|3|-0.75
41|1.208531133572794|-0.02575963871748721|11|2|20|7|1|2|5|0|3|22|7|3|0|6|-2|-1|2|1|-1|0|-1|-1|1|0|0|0|0|1|3|3|-0.875
56|1.0147933415133248|-0.015331281204718383|0|1|14|5|1|0|5|0|0|17|4|1|0|4|-1|1|-3|0|0|0|1|0|-1|0|-2|-2|0|-4|3|4|1.0
3|4.319139109746049|0.07649842262676465|4|0|0|0|0|0|0|4|0|2|1|0|0|0|0|0|0|0|0|0|0|0|0|2|1|0|0|0|1|2|0.0
62|1.0133617278184868|0.006571341550075438|0|0|4|2|0|0|0|0|0|3|1|0|0|1|0|0|0|-1|-1|0|-2|0|0|-2|-1|0|0|1|3|4|1.0
36|1.1589263708816209|-0.004540753453760704|8|3|27|6|1|1|1|4|2|25|6|0|0|4|4|1|0|2|1|1|-2|-5|-1|-2|0|-1|-1|3|3|3|-0.875
16|1.9670184926815304|-0.036853662020562394|13|0|5|3|1|0|0|12|3|11|1|0|0|0|0|-2|-4|2|1|0|0|-1|3|5|-2|-1|0|0|3|2|-0.5
62|1.0066808639092435|-0.0068999086275791655|0|0|3|2|2|0|2|0|0|3|1|0|0|0|0|0|-2|1|2|0|2|0|0|-4|-1|-3|0|-2|3|3|-1.0
60|1.0511844635310912|-0.007888102133969177|0|1|7|2|0|0|3|1|0|5|4|3|0|1|-1|0|2|-2|-2|0|2|1|-1|-2|1|2|0|-2|3|3|-0.875
2|1.4142135623730951|1.4142135623730951|3|0|1|0|0|0|0|0|0|2|0|0|0|0|3|0|1|0|0|0|0|-4|0|2|0|0|0|0|1|1|0.0
57|1.0363345230151837|-6.488307681282723E-4|0|0|10|4|1|0|2|2|0|8|6|3|1|1|0|0|-3|-1|0|0|-1|0|0|-2|0|-1|0|-1|3|4|1.0
59|1.0380108591037167|-6.553596397194106E-4|1|0|10|7|2|0|4|0|0|11|3|1|0|2|0|0|-2|0|-1|0|0|0|0|-1|-1|0|0|0|3|3|-0.875
56|1.1232052667252082|-0.002240095758640148|0|1|10|9|4|0|7|1|0|13|8|2|0|6|-1|1|-4|0|2|0|1|1|-1|2|-3|-2|0|-1|3|3|-0.875
21|1.5051285175767162|0.024743574121164125|18|0|16|1|0|3|0|5|1|15|3|0|0|2|0|0|0|0|0|0|0|-1|-1|2|1|0|0|0|2|3|0.375
27|1.423316788305101|-0.02288037167534296|7|1|18|5|1|0|3|13|1|21|5|0|0|1|0|-1|0|1|0|0|0|2|0|0|1|0|0|0|3|2|-0.875
26|1.523015525154831|0.028522098093798354|9|5|19|4|0|2|1|10|4|18|1|0|1|1|-2|2|3|3|0|1|0|1|-1|-1|-3|0|-1|0|2|2|-0.625
11|2.0849978813557937|-0.10849978813557914|11|1|5|1|0|0|0|10|2|8|0|0|0|1|-1|0|1|0|0|0|0|1|1|1|0|0|0|1|2|2|-0.125
62|1.0133617278184868|-2.1904471833589234E-4|1|0|4|3|1|0|2|0|0|4|1|1|0|0|1|0|-2|2|-2|0|2|-1|0|-2|-3|-1|0|-2|3|4|1.0
20|1.4921883423305413|-0.1221376561619334|18|2|9|1|0|0|2|12|5|7|1|0|0|0|9|-3|1|0|0|0|2|-7|3|-1|0|0|0|-2|3|3|-0.875
21|1.7474374386641907|0.01262812806679059|14|0|14|3|0|0|0|10|1|18|3|0|0|0|0|0|0|0|0|0|0|0|0|3|0|0|0|0|2|3|0.375
16|1.8236010863770635|-0.3060953348006288|12|2|10|1|1|1|0|12|0|13|1|0|0|0|1|2|-1|0|1|1|0|-1|-2|4|0|-1|-1|0|3|2|-0.375
25|1.4740135822492129|-0.03700946435926289|12|1|14|4|1|1|0|15|4|13|5|0|1|3|-2|0|2|0|0|0|0|-1|1|1|1|0|0|0|3|2|-0.375
21|1.431199994626693|-0.17109523897706325|1|0|26|2|1|0|0|16|2|16|3|0|1|3|-1|0|1|0|0|0|0|0|0|4|0|0|0|0|3|2|-0.5
47|1.1679345154679186|0.01808838009852365|4|2|22|7|3|0|3|4|1|28|3|1|0|1|0|0|0|0|0|0|0|0|0|0|-1|0|0|0|3|3|-0.875
48|1.069035593728849|-0.0014688424197628613|1|0|21|7|4|0|5|4|1|14|10|4|0|3|-2|-2|5|-4|2|0|2|2|1|-6|3|0|0|-2|3|3|-0.875
47|1.0528783271114588|-0.02288865928503192|7|1|17|3|1|1|3|3|2|26|11|1|0|4|0|0|-2|0|0|0|0|0|0|2|-1|0|0|0|3|3|-0.875
22|1.4042237375905533|-0.026976257036139595|7|0|16|5|0|0|1|13|3|18|2|0|0|1|-5|-3|1|3|0|0|0|6|3|2|-3|0|0|0|3|2|-0.625
31|1.2889489461044565|-0.04296496487014867|10|1|22|5|0|0|0|10|5|24|2|0|0|4|-1|0|-1|0|0|0|0|0|0|2|1|0|0|1|3|3|-0.75
33|1.2216275302722657|0.006018313503150852|13|3|19|2|0|1|2|12|0|23|6|1|0|2|0|0|-1|0|0|0|0|1|0|-3|2|0|0|1|3|3|-0.875
3|6.10818510677892|0.10818510677891968|0|0|3|0|0|0|0|5|0|3|0|0|0|0|0|0|0|0|0|0|0|4|0|0|0|0|0|0|1|1|0.0
12|1.74535599249993|-0.05216210156782908|12|2|7|0|0|1|0|8|1|12|0|0|1|0|5|1|-2|0|0|0|0|-4|-1|5|0|0|0|0|2|2|-0.125
53|1.0468921014007275|-9.017711807832729E-4|2|0|24|8|3|0|4|3|0|14|8|3|0|6|-1|0|1|-1|0|0|0|1|0|-2|0|-2|0|0|3|4|1.0
47|1.0954315186008203|-0.00207459823045264|3|1|25|3|5|0|4|4|2|25|4|4|0|4|0|0|-2|0|0|0|0|-1|0|1|0|0|0|2|3|4|1.0
62|1.0133617278184868|-2.1904471833589234E-4|0|0|6|1|1|0|2|1|0|4|1|0|0|0|-1|0|3|0|1|0|2|1|0|-4|0|-1|0|-2|3|3|-1.0
50|1.190864075337301|-0.003895185210965213|3|2|17|7|5|0|4|2|1|13|5|2|0|4|-1|1|2|1|4|0|0|-2|-1|-4|-3|-3|0|0|3|4|1.0
7|1.9338044367493659|-0.04834926774932935|11|0|1|0|0|0|0|11|2|1|0|0|1|0|0|0|0|0|0|0|0|2|1|0|0|0|0|0|1|2|0.125
57|1.0218007138091103|-3.892984608768746E-4|0|1|13|6|0|0|2|2|0|13|3|2|0|1|0|0|-2|-1|0|0|0|0|0|0|-2|0|0|0|3|3|-0.875
24|1.3902107575829896|-0.016965685112303897|9|3|21|1|0|1|2|15|2|16|2|1|1|0|-7|2|5|-2|0|0|2|5|-1|-5|1|1|0|-2|2|3|-0.75
30|1.224044978391279|-0.007725688910044104|12|1|26|3|1|1|1|13|1|23|3|0|1|0|-2|0|2|2|1|0|1|-1|0|-2|0|-1|0|-1|3|3|-0.5
21|1.2612038749637415|0.03693980625181292|18|1|16|0|1|2|1|9|2|22|1|0|2|0|0|0|0|0|0|0|0|1|0|2|0|0|0|0|3|2|-0.5
40|1.2007121285275903|-0.036840515539163565|5|5|16|6|3|0|5|7|5|22|6|1|0|4|-2|0|-3|0|2|0|1|2|-1|3|1|-2|0|-1|3|3|-0.875
17|1.4478983281606197|-0.05388199315835718|15|1|10|0|0|1|0|14|3|10|2|0|0|1|-1|0|1|0|0|0|0|-1|0|3|1|0|0|1|2|2|0.125
19|1.9124035599709206|0.004866468890504239|13|5|9|1|0|2|0|16|3|11|1|1|2|0|0|0|0|0|0|0|0|-2|1|2|1|0|0|0|2|3|-0.125
58|1.0|0.0|0|0|15|3|4|0|6|1|0|13|4|0|0|1|-1|0|2|-1|3|0|5|0|0|-3|-1|-4|0|-5|3|4|1.0
14|1.9153395359047791|0.024671418584231608|19|1|6|0|0|3|1|17|0|6|1|0|1|0|3|1|2|-1|0|2|1|-2|-1|0|1|0|-2|-1|2|2|-0.375
5|2.0|0.0|4|0|4|0|0|0|0|5|0|4|0|0|0|0|0|0|0|0|0|0|0|1|0|3|0|0|0|0|1|1|0.0
48|1.0258883476483185|-0.03945352068924457|1|1|9|8|3|0|0|2|1|12|4|2|0|2|-1|0|-3|4|1|0|-2|0|0|0|-5|-1|0|1|3|3|-0.875
25|1.1862741699796953|-0.007761423749153895|15|1|15|4|0|0|1|11|3|14|2|1|1|1|-2|0|2|0|0|-1|0|0|0|-2|1|1|1|0|2|3|-0.5
48|1.0639805794138641|-0.0013612889236991332|3|1|12|11|1|0|4|4|0|17|7|2|0|0|-1|1|-6|3|0|0|4|0|-1|5|-4|1|0|-4|3|3|-0.875
27|1.5609265947074733|-0.037505390656944915|12|2|14|5|0|0|1|9|2|9|4|3|0|2|-1|0|1|0|0|0|0|-1|-1|-1|1|1|0|0|3|3|-0.875
56|1.036983353783312|-0.01132308711654928|0|0|12|7|2|0|3|1|1|11|8|2|0|3|-2|-1|-1|-1|1|0|0|1|1|-5|0|0|0|-1|3|3|-0.875
35|1.2040610178208844|0.0061809571927120555|11|0|26|3|0|0|1|11|2|24|5|0|1|2|0|-1|0|1|0|0|0|1|1|0|-1|0|1|1|2|3|-0.75
31|1.2359260806124115|0.02546913064625267|10|2|20|6|0|0|3|10|2|28|5|1|1|2|0|0|0|0|0|0|0|0|0|2|1|0|0|0|2|3|-0.875
29|1.2664800710813056|-0.053662430306467446|13|3|25|0|1|1|1|10|0|21|1|1|2|1|-2|0|2|0|0|0|0|0|0|3|0|0|0|0|3|3|-0.75
51|1.0717030244998507|0.006850210757465058|3|0|20|9|0|0|3|2|0|16|9|3|0|5|0|0|-1|0|0|0|0|0|0|-1|-1|1|0|0|3|4|1.0
59|1.0140411377075627|-2.420885811647011E-4|1|1|9|2|1|0|4|1|0|10|4|0|0|2|0|0|-2|0|0|0|0|0|0|-3|0|0|0|0|3|3|-0.875
26|1.4263176900031946|-0.043063969195043406|16|1|19|1|1|1|1|6|1|24|3|0|0|0|10|-1|-5|-1|1|1|0|-10|0|5|0|-1|-1|-1|3|4|1.0
57|1.0537630719692277|-9.600548565933398E-4|2|1|10|7|0|0|2|2|1|8|8|1|0|5|0|0|-1|-1|0|0|0|0|0|-1|0|0|0|0|3|3|-0.875
4|4.2976207903086205|-0.5854910392474366|5|0|3|0|0|0|0|2|0|4|0|0|0|0|4|0|1|0|0|0|0|-3|0|1|0|0|0|0|1|1|-0.125
17|1.6503058757153266|-0.07626402428983114|19|1|7|1|0|0|0|12|1|13|3|0|2|1|-1|0|1|0|0|0|0|1|1|1|0|0|1|0|2|2|0.125
60|1.0276142374915396|-4.680379235855181E-4|0|0|8|2|1|0|1|0|0|8|2|1|0|0|0|0|-2|-2|-1|0|0|0|0|-1|-2|0|0|-1|3|4|1.0
41|1.1153151722282404|-0.013238218365033472|4|1|16|8|0|0|1|11|2|22|3|3|2|0|-1|-1|1|1|0|0|0|0|0|1|0|0|0|0|3|3|-0.875
43|1.0385314941742412|-9.174165279581814E-4|7|0|25|8|1|0|1|7|1|20|5|2|0|3|-1|0|1|0|0|0|0|0|0|0|2|0|0|2|3|3|-0.875
9|1.7745886209112152|-0.4225174870469004|6|1|6|0|0|0|0|10|0|8|0|0|1|0|-1|0|1|0|0|0|0|3|0|1|0|0|0|0|2|1|-0.125
2|5.0|5.0|1|0|3|0|0|0|0|0|0|2|0|0|0|0|1|0|3|0|0|0|0|-1|0|-1|0|0|0|0|1|1|0.0
40|1.1621320343559642|-0.004157231650152804|11|2|18|7|1|1|3|11|1|23|3|0|0|0|0|1|-4|4|1|1|3|0|-1|3|-4|-1|-1|-3|3|3|-0.875
2|6.708203932499369|6.708203932499369|4|0|0|0|0|0|0|1|0|3|0|0|0|0|4|0|0|0|0|0|0|-3|0|3|0|0|0|0|1|1|0.0
5|2.978584445398434|-0.303663105724556|5|0|3|0|0|0|0|5|0|5|1|0|0|0|0|0|0|0|0|0|0|0|0|2|1|0|0|0|1|2|0.0
12|1.8883959302187117|0.15610503138593423|5|1|8|4|0|0|0|12|0|7|2|0|0|0|-7|1|3|3|0|0|0|7|-1|-1|-2|0|0|0|2|2|-0.125
49|1.0879007303952095|-0.0018312652165668464|7|0|16|4|5|0|2|3|1|23|5|2|0|2|-1|0|0|0|0|0|0|-2|1|-1|1|0|0|1|3|3|-0.875
17|1.4245575027840547|0.05071940466973346|8|3|11|0|1|0|1|11|0|15|2|0|1|0|0|0|0|0|0|0|0|1|0|3|0|0|0|0|3|2|-0.5
51|1.0081218345563352|-1.6243669112658843E-4|3|0|19|6|2|0|5|2|0|28|7|0|0|7|0|0|-1|-1|-1|0|0|1|0|-3|0|0|0|0|3|3|-0.875
31|1.149921259174418|-0.0049973753058139|10|1|21|1|2|1|1|5|3|23|6|0|0|2|0|-1|0|1|0|0|0|0|0|0|1|0|0|1|3|3|-0.875
50|1.0531370849898476|-0.0010844303059152072|4|1|17|9|2|1|4|4|0|16|9|2|0|5|1|1|-2|1|0|1|-1|-1|-1|-1|0|0|-1|1|3|3|-0.875
29|1.3497288146114124|0.05281065393338502|12|2|13|5|1|0|3|18|2|17|3|2|2|3|0|0|0|0|0|0|0|1|1|-1|1|0|1|1|3|3|-0.875
11|1.9370123444877516|-0.05227987821146529|9|0|8|0|0|0|0|12|0|7|1|0|0|0|-1|0|1|0|0|0|0|1|0|2|0|0|0|0|2|2|0.0
8|1.7285533905932737|-0.0795686450484947|9|0|5|0|0|1|0|4|0|9|1|0|0|0|6|0|-2|-1|0|1|0|-5|0|4|1|0|-1|0|1|2|-0.125
22|1.3856946079199353|-0.10512138204983934|16|0|18|0|0|1|0|17|1|14|1|0|0|1|0|-2|6|-1|0|1|-1|0|1|-3|0|0|-1|1|2|3|0.375
25|1.5642619828067015|-0.0752876112469163|15|0|14|3|1|1|0|10|0|14|7|2|0|1|0|0|-1|-1|0|0|0|1|0|-1|1|0|0|0|3|3|-0.625
30|1.193299662440778|0.007617720687321361|10|1|13|5|2|0|1|9|1|19|5|1|1|1|3|0|-4|0|1|0|0|-1|-1|5|1|-1|1|0|3|3|-0.875
35|1.1232488142567076|-0.003624965125197166|8|1|24|5|0|0|1|10|1|18|6|0|2|1|-1|0|1|0|-1|0|-1|0|0|-3|1|0|0|-1|3|4|1.0
37|1.1706407702428312|-0.03251779917341202|6|1|27|8|1|1|4|11|4|21|5|2|1|2|-1|0|0|0|0|0|0|1|0|2|0|0|0|1|3|3|-0.875
39|1.078745328509371|-0.002072245487088731|9|2|27|5|1|0|5|4|2|23|4|2|0|4|-2|0|2|0|0|0|0|-1|0|-3|-1|-1|0|-1|3|4|1.0
11|1.8979140274806587|-0.4784263544853329|5|1|11|0|0|0|0|11|1|7|0|0|0|0|0|0|-1|0|0|0|0|1|0|2|0|0|0|0|2|2|0.0
5|3.625798040898392|0.21158447852529694|5|0|2|0|0|0|0|12|0|0|0|0|3|0|0|0|0|0|0|0|0|4|0|0|0|0|2|0|1|1|0.125
21|1.5527475651957634|0.03416602061520102|9|0|20|2|0|1|0|17|4|9|2|0|0|1|0|0|0|0|0|0|0|-1|1|0|0|0|0|0|2|3|0.5
50|1.1344269870347672|-0.01469823315636054|4|0|25|5|2|0|4|6|1|12|6|3|1|5|-2|-2|11|0|0|-1|-1|2|1|-14|0|1|1|1|3|3|-0.875
22|1.4178856957608157|-1.7486349465323237E-4|12|2|14|4|0|0|0|19|4|12|0|1|3|1|-4|-3|2|4|0|-1|-1|7|2|-3|-4|1|3|1|2|3|0.25
61|1.0067903862684113|-1.1317310447345186E-4|0|0|7|1|2|0|1|0|0|5|1|2|0|2|0|0|-1|-2|-1|0|-1|0|0|-1|-2|1|0|2|3|3|-0.875
44|1.0564836675963312|-0.01094644720859117|8|1|19|8|2|1|0|6|3|18|6|0|0|3|1|-1|1|3|2|0|-2|-3|2|-1|-2|-3|-1|2|3|3|-0.875
61|1.020371158805234|-3.395193134205776E-4|0|0|5|1|1|0|1|0|0|7|5|1|0|3|0|0|-2|-2|0|0|-1|0|-1|0|-1|1|0|-1|3|4|1.0
42|1.0772057306456975|-0.0018830666011144803|8|2|26|3|3|0|3|4|2|25|7|2|0|5|5|0|-1|-3|1|-1|0|-4|0|-2|4|-1|0|2|3|3|-0.875
60|1.0373773447853212|-6.335143183953118E-4|0|0|8|3|2|0|3|0|0|5|5|3|0|3|-1|0|1|-1|-1|0|1|0|0|-4|1|1|0|0|3|3|-0.875
32|1.3756847634838791|-0.012118863338189678|12|1|19|8|1|0|2|12|2|22|7|0|0|5|1|-1|-3|2|1|0|-2|0|1|1|-2|-1|0|3|3|2|-0.75
19|1.7538145005910475|0.013676972189386127|6|2|22|0|0|1|1|16|2|13|2|0|1|1|0|0|0|0|0|0|0|0|0|2|1|0|-1|1|2|2|-0.375
6|2.5795896275699515|-0.582688032598428|9|0|2|0|0|1|0|8|0|3|0|0|1|0|4|0|0|0|0|1|0|-1|0|0|0|0|0|0|1|1|-0.125
13|1.4764748798063951|-0.005188443119441555|5|2|12|0|0|0|0|6|2|9|2|0|0|0|-1|0|1|0|0|0|0|1|1|1|0|0|0|0|2|2|0.0
40|1.0871320343559643|-0.04894837049955525|12|1|24|8|1|0|4|3|3|27|5|1|0|4|9|-2|-2|3|0|0|0|-11|1|5|-2|0|-1|0|3|3|-0.875
57|1.0436014276182204|-7.785969217539712E-4|2|0|9|7|3|0|6|1|0|10|5|3|0|7|-2|0|0|0|0|-1|0|0|-1|-3|0|1|0|0|3|3|-0.875
32|1.2544417382415922|0.005153929810693736|11|5|16|3|1|1|1|9|0|26|5|1|0|2|3|5|-8|-2|0|1|0|-2|-5|10|1|0|-1|1|3|3|-0.875
13|1.548383861883997|-0.14870431994864886|12|1|8|0|0|1|0|19|1|7|0|0|1|0|-1|0|1|0|0|0|0|3|0|1|0|0|1|0|2|2|-0.125
53|1.0702141387120445|-0.02058104112907766|3|2|14|5|1|0|5|3|1|11|7|2|0|3|0|0|-1|-1|0|0|0|-1|0|0|0|0|0|0|3|3|-0.875
20|1.2685815445805624|-0.014135870767397973|12|2|15|0|0|1|0|15|2|12|1|0|1|0|-3|0|4|-1|0|-1|0|2|0|-2|1|0|0|0|2|3|0.25
50|1.1097056274847714|-0.0022388903568320018|1|1|16|7|3|0|8|3|2|19|8|0|0|3|-3|-1|-1|0|3|0|6|2|0|1|2|-3|0|-7|3|3|-0.875
56|1.0936185836985586|-0.012352818569554058|1|2|8|5|0|0|4|0|0|11|9|0|0|6|1|2|-3|-5|-1|0|-3|-1|-2|1|3|-1|0|1|3|4|1.0
29|1.2541941686762499|-0.04479264888129464|12|1|21|5|0|1|1|17|1|19|5|0|1|0|-1|0|1|0|0|-1|0|2|0|0|1|0|1|0|2|2|-0.625
46|1.137254532586625|-0.003050100724147242|5|2|24|4|2|1|5|5|2|22|7|2|0|5|0|0|-3|-3|0|1|0|-1|0|-2|2|0|-1|-1|3|3|-0.875
5|4.248870444258152|0.33229309613747304|5|0|3|0|0|0|0|5|0|6|0|0|0|0|0|0|0|0|0|0|0|1|0|3|0|0|0|0|1|1|0.0
52|1.039828227151259|-0.008902780186752057|6|0|14|4|3|1|2|1|0|18|5|3|0|2|3|0|-6|0|1|1|1|-5|0|0|1|0|-1|0|3|3|-0.875
52|1.0942210564733013|-0.013333480276474408|4|0|15|6|4|0|4|2|0|15|5|3|1|1|2|0|-1|2|0|-1|2|-2|-1|-1|0|0|1|-4|3|4|1.0
23|1.2999780407222463|-0.07791780014069771|11|2|16|3|0|0|0|10|2|17|4|0|0|1|-2|0|0|0|0|0|0|0|0|1|1|0|0|0|2|3|0.375
58|1.0142832262887274|-2.5058291734603166E-4|0|1|16|5|0|0|2|1|0|13|3|1|0|3|-1|1|1|3|-1|0|1|1|-1|-5|-2|1|0|1|3|3|-0.875
6|3.5913546733852466|0.1761562563228667|7|0|4|0|0|0|0|9|0|1|0|0|0|0|2|0|3|0|0|0|0|2|0|-3|0|0|0|0|1|1|0.0
5|2.97409631853355|-1.7840934946754823|3|0|4|0|0|0|0|2|0|8|0|0|0|0|-1|0|1|0|0|0|0|1|0|2|0|0|0|0|1|1|0.0
53|1.0312614009338186|-6.011807871888486E-4|1|0|17|5|5|0|3|3|0|14|5|4|0|1|0|0|-2|0|0|0|0|1|-1|-2|-1|1|0|-1|3|4|1.0
35|1.2306019374818706|-0.006782409925937483|3|1|31|6|1|0|1|8|2|22|3|1|1|1|0|0|0|0|1|0|0|-2|1|1|0|0|0|1|3|3|-0.75
54|1.0383531076271384|-7.236435401347663E-4|3|1|15|4|3|0|4|3|0|17|7|1|0|3|-2|1|-3|-1|2|0|2|-1|-1|3|2|-2|0|-1|3|3|-0.875
47|1.0264391635557295|-0.009579407085409164|2|1|25|2|3|0|2|3|1|19|7|1|0|4|-1|0|-1|-1|0|0|0|-1|0|2|-1|0|0|0|3|4|1.0
51|1.0763318083723954|-0.00152663616744797|1|1|23|3|5|0|3|5|1|10|8|3|0|1|-2|0|2|0|0|0|0|0|-1|0|-1|2|0|0|3|3|-0.875
47|1.0565288138189868|-0.0012288872569343745|1|2|27|5|0|0|2|4|1|20|6|3|0|2|0|0|-1|0|-1|0|0|0|0|-1|0|0|0|1|3|3|-0.875
47|1.1569830553453349|-0.0034126751162029123|1|0|22|9|3|0|1|3|3|18|8|4|0|4|-1|0|0|-1|0|0|-1|-1|1|-2|1|0|0|0|3|3|-0.875
7|2.4741186439711442|0.6014406477211793|2|0|8|0|0|0|0|6|0|9|0|0|0|0|0|0|0|0|0|0|0|1|0|3|0|0|0|0|2|1|0.125
34|1.2705899416575714|-0.02075162133426267|17|1|17|3|2|1|1|3|3|21|3|1|0|4|13|-2|-4|1|1|1|-3|-16|2|6|0|-1|-1|3|3|3|-0.875
24|1.7382780648021257|-0.03955873652417141|13|3|18|4|0|1|2|15|2|12|1|1|1|2|-3|2|5|3|0|-1|1|1|-1|-6|-3|1|0|0|2|3|-0.75
