21|1.1544114612913947|0.09227942693543034|12|2|13|2|0|0|0|16|2|15|2|0|1|0|0|0|0|0|0|0|0|1|0|3|0|0|0|0|2|2|0.0
57|1.0|-0.0073966707566623935|0|0|8|8|1|0|0|2|0|10|9|0|0|2|-1|0|-1|-1|0|0|-1|0|0|-2|0|0|0|0|3|3|-0.875
20|1.5711490287309118|-0.05186118900547387|16|2|12|2|0|0|1|9|1|21|3|0|2|0|7|2|-7|-1|0|-2|1|-8|-1|9|1|0|2|-1|2|2|-0.375
25|1.3979248845661087|-0.0338391019558002|10|2|12|3|0|2|2|16|0|22|4|0|2|0|-1|0|1|0|0|0|0|-1|0|3|1|0|0|0|3|2|-0.625
39|1.2536646724869787|-0.006675386118078386|11|2|16|5|1|1|1|7|3|24|8|1|0|3|0|0|0|0|1|0|0|-1|2|1|0|0|-1|3|3|3|-0.875
15|1.6604076236806506|-0.047171973120046395|7|0|11|1|0|0|0|16|3|9|0|0|0|1|0|0|-1|0|0|0|0|3|0|1|0|0|0|1|2|2|0.125
31|1.2490757855399468|-0.008302526184664982|11|2|19|6|0|0|2|13|4|18|4|1|1|3|0|-1|0|1|0|0|0|-3|1|0|2|0|0|1|3|3|-0.875
34|1.2636467658487547|-0.01318847397280476|13|2|22|2|1|1|3|12|1|15|7|1|2|2|0|1|10|-4|0|-1|1|-1|-1|-8|5|0|1|-1|3|3|-0.875
50|1.0648528137423856|-0.0013235268110691756|4|2|16|6|2|0|2|3|2|14|6|1|1|3|1|0|1|-1|2|-1|-1|-2|0|-1|-1|-1|1|1|3|3|-0.875
21|1.5778839482910219|-0.049604875533205695|10|0|20|3|0|2|1|14|2|15|2|0|0|1|-1|0|1|0|0|0|0|1|1|1|0|0|0|1|2|2|-0.625
11|2.6339495619861806|0.01944775627600137|9|0|9|0|0|1|0|13|0|6|1|0|0|0|0|0|0|0|0|0|0|1|0|1|0|0|0|0|1|2|0.0
52|1.0318625817210074|-6.247565043333569E-4|3|1|19|6|2|0|3|2|0|22|5|0|0|2|1|1|-5|-1|2|0|1|-2|-1|2|-1|-2|0|-1|3|3|-0.875
47|1.0741549228561398|0.007392579119933851|8|2|12|7|2|1|2|6|4|12|8|1|0|7|-1|0|0|0|0|0|0|-1|0|-1|2|0|0|1|3|3|-0.875
1|0.0|NaN|0|0|0|0|0|0|0|4|0|0|0|0|0|0|0|0|0|0|0|0|0|4|0|0|0|0|0|0|0|1|0.0
18|1.3210706524647138|-0.07771003838027735|18|4|4|2|0|0|1|14|1|12|2|0|3|0|5|3|-6|0|0|-3|1|-4|-3|8|-1|0|3|-1|2|2|-0.375
4|1.790569415042095|0.06981019498596841|4|0|4|0|0|0|0|4|0|4|0|0|0|0|1|0|3|0|0|0|0|0|0|0|0|0|0|0|1|1|0.0
49|1.103491179833989|-0.0021560662465414104|2|2|13|9|2|0|4|6|1|21|9|2|1|4|-1|0|-1|0|0|0|0|0|0|-2|1|0|0|0|3|3|-0.875
1|0.0|NaN|0|0|0|0|0|0|0|4|0|0|0|0|0|0|0|0|0|0|0|0|0|4|0|0|0|0|0|0|0|1|0.0
43|1.1891991375374755|-0.004504741369939946|6|1|21|7|1|0|4|7|2|21|8|3|1|9|-1|0|-1|0|0|0|0|-1|0|0|1|0|0|1|3|3|-0.875
34|1.2270985103452459|0.03057483233801661|8|2|23|2|2|2|2|7|2|26|5|1|0|3|0|1|0|-3|1|2|1|-1|0|3|3|-1|-2|1|3|3|-0.875
13|1.566037344028635|-0.1501754434607021|14|0|10|0|0|1|0|12|0|7|1|0|1|0|-1|0|1|0|0|0|0|3|0|1|0|0|1|0|1|2|-0.125
2|4.123105625617661|4.123105625617661|1|0|3|0|0|0|0|1|0|3|0|0|0|0|1|0|3|0|0|0|0|0|0|0|0|0|0|0|1|1|0.0
61|1.0135807725368229|-2.2634620894690372E-4|1|0|6|5|0|0|4|0|0|1|3|3|0|2|0|0|-1|-2|0|0|-1|0|0|-2|-1|1|0|0|3|3|-1.0
28|1.401835989263015|-0.05191985145418587|7|2|18|1|1|0|1|15|1|21|3|1|1|2|-8|0|0|-2|1|-1|-1|8|-1|2|2|0|1|1|3|3|-0.875
35|1.2326324463923128|-0.036253895482126985|8|3|25|3|2|0|2|10|0|23|7|0|1|1|-2|0|1|0|0|0|0|1|0|-1|0|0|0|0|3|3|-0.875
52|1.0942210564733013|0.006274362860780425|4|0|12|7|2|0|5|0|1|15|11|2|0|4|4|-1|-4|-4|-1|0|1|-5|1|4|4|0|-1|-1|3|4|1.0
53|1.0501293254621202|-9.640254896561284E-4|2|1|17|8|1|0|6|2|1|16|3|2|0|4|0|0|-2|-1|0|0|0|0|0|-2|1|0|0|1|3|3|-0.875
56|1.0326504843704678|-5.936451703720813E-4|0|0|14|5|1|0|1|1|0|20|2|0|0|1|-1|0|-7|2|0|0|-2|1|0|5|-4|-1|0|0|3|4|1.0
59|1.0070205688537812|-1.2104429058235056E-4|1|0|9|4|0|0|0|0|0|11|5|0|0|1|0|0|-2|0|0|0|0|0|0|-5|-1|0|0|-1|3|4|1.0
55|1.0150623113590216|-2.789316918336837E-4|3|0|17|4|3|0|6|0|0|21|2|2|0|3|-1|0|0|-1|0|0|0|-1|0|-2|-2|0|0|0|3|4|1.0
38|1.1505618250457461|-0.004069238514750051|13|0|19|5|2|1|1|13|0|27|4|1|2|2|0|0|-6|1|1|-1|-1|0|0|7|-1|-1|1|1|3|3|-0.875
2|2.8284271247461903|2.8284271247461903|4|0|0|0|0|0|0|1|0|3|0|0|0|0|4|0|0|0|0|0|0|-3|0|3|0|0|0|0|1|1|0.0
14|1.6816574119189325|-0.21876423631440844|13|1|13|0|0|1|0|15|0|12|0|0|1|0|1|1|2|0|0|0|0|1|-1|0|0|0|0|0|2|1|-0.125
12|2.0779720688049106|-0.13565323919800054|12|0|6|1|0|0|0|10|2|8|1|0|0|0|2|-1|0|0|0|0|0|-2|2|0|0|0|0|0|2|2|0.0
23|1.4720396637326012|0.03472855971669064|12|1|16|2|1|2|1|14|4|19|1|0|2|1|0|0|0|0|0|0|0|-1|1|2|0|0|0|0|3|2|-0.875
59|1.0210617065613439|-3.631328717472737E-4|1|0|12|3|2|0|0|0|0|12|2|0|0|0|0|0|-3|0|0|0|0|0|0|-1|-1|0|0|0|3|3|-1.0
54|1.0153412430508555|-2.8945741605368447E-4|1|1|18|8|1|0|4|3|0|14|6|2|0|2|-2|1|1|3|-1|0|2|0|-1|-4|-2|1|0|-2|3|3|-0.875
41|1.0648013231583509|-0.0016200330789586381|5|3|24|4|1|0|3|6|2|24|8|0|0|4|-1|0|1|0|1|0|0|0|0|2|0|-1|0|0|3|4|1.0
38|1.198678328328541|-0.03239671157644697|11|0|23|7|2|0|4|1|2|26|4|2|0|3|9|-2|-2|4|0|0|2|-11|2|3|-4|0|0|-1|3|3|-0.875
40|1.0973230556748041|-0.0024954629660207672|6|1|23|5|1|0|2|5|3|18|7|1|0|4|-1|-1|5|-2|0|0|-3|-2|2|-5|1|0|0|1|3|4|1.0
59|1.0070205688537812|-1.2104429058235056E-4|0|0|10|6|1|0|5|0|0|8|5|1|0|1|-1|0|1|-2|0|0|0|0|0|-3|-2|0|0|-1|3|4|1.0
4|3.57842712474619|-0.19280904158206402|2|0|6|0|0|0|0|5|0|3|0|0|0|0|-2|0|6|0|0|0|0|3|0|-3|0|0|0|0|1|1|0.0
30|1.3790543630537082|-0.02735406639402771|10|3|21|7|0|2|2|13|2|21|1|0|1|0|-2|1|1|6|0|1|2|2|-1|-1|-6|0|-1|-2|2|3|-0.875
17|1.7660353271899607|-0.02198886030105407|14|1|8|1|0|0|0|14|2|10|1|1|1|0|-1|0|1|0|0|0|0|3|0|1|0|0|1|0|2|3|0.125
35|1.1163162231961565|0.008761686446380645|8|0|23|9|1|0|2|10|1|21|4|1|0|3|-1|0|1|0|0|0|0|0|0|0|0|0|0|0|3|3|-0.875
29|1.3231596859176291|0.024172868360084587|20|1|11|3|2|3|2|16|2|24|2|1|1|1|0|0|0|0|0|0|0|1|0|1|0|0|1|0|3|3|-0.875
32|1.261408068187242|-0.008432518328620686|8|1|25|5|0|0|0|14|3|20|5|1|1|6|-6|-2|5|2|-1|-1|-5|6|2|-7|0|1|1|6|2|3|0.625
17|1.9446527529583946|0.06595920294010038|13|1|11|0|0|0|0|10|1|17|3|0|0|1|0|0|0|0|0|0|0|1|0|3|0|0|0|0|2|2|0.0
33|1.1785734008179445|-0.005580418775560814|14|3|20|1|1|1|1|15|2|22|6|0|0|2|0|0|-4|0|0|0|0|1|0|2|0|0|0|0|3|2|-0.875
60|1.0304737854124364|-0.007537073691280094|0|0|7|5|4|0|5|0|0|4|5|0|0|2|0|0|1|1|3|0|3|-1|0|-4|-1|-4|0|-4|3|4|1.0
2|5.0|5.0|4|0|0|0|0|0|0|1|0|3|0|0|0|0|4|0|0|0|0|0|0|-3|0|3|0|0|0|0|1|1|0.0
54|1.0612432553586157|0.006659817113480848|3|1|17|4|1|0|4|2|0|16|4|2|1|0|1|1|1|-2|1|-1|4|-1|-1|-2|-1|1|1|-4|3|3|-0.875
9|1.4444444444444444|-0.2100640527430293|8|0|7|0|0|0|0|11|0|9|0|0|0|0|-1|0|1|0|0|0|0|3|0|1|0|0|0|0|1|1|-0.125
7|1.6143661542493957|-0.26906102570823265|7|0|5|0|0|0|0|14|0|2|0|0|0|0|-1|0|1|0|0|0|0|3|0|1|0|0|0|0|1|1|0.0
42|1.1544114612913945|-0.0037661332022291827|9|1|22|9|1|0|3|7|0|25|7|1|0|1|2|1|-5|2|0|0|2|-3|-1|2|-2|0|0|-2|3|3|-0.875
50|1.0614213562373096|-0.00970683507368153|4|0|14|8|2|0|7|6|1|20|12|1|0|8|-1|-1|-7|-2|1|0|1|1|1|7|4|-1|0|1|3|3|-0.875
34|1.251190625335268|-0.012811015169366335|9|2|28|5|0|3|1|13|2|16|7|1|3|1|-3|0|9|-1|-1|0|0|4|0|-13|2|1|0|0|2|3|-0.5
45|1.046023729152566|-0.001045993844376536|7|0|21|8|0|0|2|10|1|24|10|1|0|3|0|-1|-1|1|0|0|0|0|0|-1|1|0|0|0|3|3|-0.875
49|1.062674853303377|-0.001305726110487182|5|0|20|7|2|1|2|5|1|17|9|0|0|2|-1|0|0|-1|0|0|-1|0|0|-1|1|0|0|0|3|3|-0.875
51|1.17437102405867|0.016512579518826564|4|2|17|9|0|1|9|1|0|15|7|2|0|4|0|0|0|0|0|0|0|-1|0|0|-1|-1|0|-2|3|4|1.0
15|2.141943342159791|0.0067231882385714314|9|2|12|0|1|0|0|10|1|12|3|0|0|0|0|0|0|0|0|0|0|0|0|1|1|0|0|0|3|2|-0.375
10|2.962157912807382|-0.13313621003413|16|0|4|0|0|2|0|10|1|5|0|0|0|0|8|0|-1|0|0|2|0|-6|1|1|0|0|-2|0|1|2|-0.25
52|1.0431277055215247|-8.456412847357431E-4|2|1|18|2|3|0|0|1|0|11|7|1|0|4|0|1|6|-7|2|0|-5|-3|-1|-6|4|-2|0|3|3|4|1.0
40|1.268033733793459|-0.0385667105459806|13|2|23|5|0|3|2|5|2|23|5|1|0|0|9|0|0|-2|0|3|2|-9|0|0|0|0|-4|-3|3|3|-0.875
37|1.219702437959242|-0.006102845498867859|10|1|25|6|2|1|3|6|1|30|8|0|0|1|-1|0|0|0|0|0|0|0|1|2|0|0|0|0|3|3|-0.875
37|1.27219102194231|-0.019066794008761212|14|1|26|1|1|1|1|6|5|20|3|2|0|3|-2|0|1|-1|0|0|-1|-1|1|2|0|0|0|0|3|3|-0.5
40|1.1828427124746188|0.005932585894832698|7|1|20|8|3|1|3|9|2|20|6|1|0|0|-3|0|-1|2|2|1|3|2|1|-1|-2|-2|-1|-3|3|4|1.0
38|1.0853326496610338|-0.0023062878286765898|10|2|26|2|2|1|2|9|3|25|3|2|1|4|1|-1|1|-1|0|0|-1|-1|1|-1|0|0|0|2|3|3|-0.875
27|1.2555368495041361|0.006102950494960124|10|1|26|1|0|0|2|15|3|17|4|0|0|1|-1|0|1|0|0|0|0|2|0|0|1|0|0|0|3|3|-0.875
18|1.64128909815917|-0.2591306541564342|17|1|11|1|0|3|1|11|1|13|2|0|0|0|7|0|0|-1|0|3|1|-7|0|3|1|0|-3|-1|2|2|-0.375
22|1.2493309715562988|-0.031597358758542526|12|1|19|1|1|0|0|16|1|14|1|1|0|0|-2|0|7|0|0|0|0|2|0|-3|0|0|0|0|3|3|-0.625
1|0.0|NaN|0|0|0|0|0|0|0|0|0|3|0|0|0|0|0|0|0|0|0|0|0|0|0|3|0|0|0|0|0|1|0.0
16|1.6152354279131769|0.04138883663910753|15|1|9|2|0|0|1|13|0|14|0|0|2|0|6|1|-5|2|0|-1|1|-2|-1|5|-2|0|2|-1|2|1|-0.375
16|1.8790309438903738|-0.04716387124243737|12|2|11|1|0|0|0|14|3|9|0|0|0|3|2|-1|2|1|0|0|-2|2|1|-2|-1|0|0|3|2|2|0.25
44|1.1434933749769263|-0.0033370552320215463|6|2|19|8|2|0|2|6|1|15|5|3|0|3|-2|2|3|3|0|0|-1|-1|-1|-3|-3|1|-1|1|3|3|-0.875
19|1.384932026262356|-0.04403182661199745|12|1|13|1|0|1|0|14|2|14|2|0|0|0|0|0|-1|0|0|0|0|1|0|2|0|0|0|0|2|2|-0.125
22|1.4832586868046376|0.07995328444589256|16|0|20|2|0|0|1|14|1|16|3|0|2|0|1|-1|6|0|0|-2|1|-2|1|-4|1|0|2|-1|2|2|-0.5
43|1.0385314941742414|-9.174165279581814E-4|4|1|17|5|2|0|1|10|1|19|6|5|0|2|0|0|-1|0|-1|0|0|1|0|-1|1|0|0|1|3|3|-0.875
8|2.153346595301795|-0.18927421007937228|12|0|4|0|0|2|0|13|1|1|0|0|0|0|1|0|3|0|0|2|0|1|1|-3|0|0|-2|0|1|2|-0.125
55|1.037655778397554|-6.973292295844313E-4|1|0|20|9|1|0|6|0|0|16|10|0|0|4|0|-1|-2|0|0|0|-1|0|0|-3|1|0|0|1|3|3|-0.875
15|1.955993002813426|0.020005355334740127|8|3|6|2|0|0|2|7|0|16|1|0|1|0|0|0|0|0|0|0|0|-1|-1|2|1|0|0|0|2|3|-0.75
62|1.0294907600765515|-4.834550832222284E-4|0|0|5|3|1|0|2|0|0|3|1|1|0|0|0|0|0|1|0|0|2|0|0|-4|-2|0|0|-2|3|3|-0.875
52|1.039828227151259|-7.809456304168627E-4|1|0|17|9|3|0|5|1|1|16|4|2|0|1|-2|-1|0|6|1|0|4|0|1|-3|-6|-2|0|-4|3|3|-0.875
35|1.1989711439673614|0.006330659364874425|8|1|29|7|1|1|1|8|4|23|3|0|1|4|0|0|-2|0|0|0|0|-2|2|-2|0|0|-1|1|3|3|-0.75
58|1.0386662187434361|-6.78354714797047E-4|0|0|10|7|2|0|3|2|0|9|3|2|0|1|-2|0|1|2|0|0|2|2|0|-1|-5|0|0|-2|3|3|-0.875
38|1.3627853803680088|0.0013899508650023762|5|2|18|9|2|0|0|11|2|19|7|3|2|3|-6|0|-2|3|0|-2|-3|6|0|0|-2|1|2|3|3|3|-0.875
62|1.0200425917277303|-0.009931623432043235|0|1|4|2|1|0|3|0|0|6|1|0|0|1|0|1|-4|0|1|0|2|0|-1|-1|-2|0|0|-4|3|3|-1.0
3|3.482553648651473|0.3202759884830937|4|0|0|0|0|0|0|8|0|0|0|0|0|0|0|0|0|0|0|0|0|4|0|0|0|0|0|0|1|1|0.0
6|2.806439382230564|-0.39560245149687434|2|0|4|0|0|0|0|8|1|2|0|0|0|0|-5|0|3|0|0|0|0|6|1|-3|0|0|0|0|2|2|0.0
26|1.2744447274658255|-0.027546331593556683|7|2|17|5|0|0|0|12|0|22|3|0|1|1|-4|2|-4|2|0|-1|-1|4|-2|4|-2|0|1|1|2|2|-0.125
40|1.2359031498464303|-0.01666965928768005|3|4|22|8|2|0|1|4|2|27|9|1|0|3|-2|1|-3|0|2|0|-2|-1|-3|6|2|-1|0|2|3|3|-0.875
9|2.3984384850590903|-0.02029631344491234|11|2|1|0|0|0|0|12|0|5|1|0|0|0|0|0|0|0|0|0|0|1|0|2|0|0|0|0|2|2|-0.125
29|1.1482952786119232|-0.005296259950425819|12|0|22|3|0|1|1|16|2|25|4|1|2|1|-1|0|1|0|0|0|0|-1|0|3|1|0|0|0|2|3|-0.5
20|1.2242640687119286|-0.06443495098483831|10|1|16|1|0|0|0|10|1|14|3|0|1|1|1|0|3|-1|0|0|0|-1|0|-2|2|0|1|1|2|3|0.375
10|1.9128990204491962|-0.2316079884114448|15|0|4|0|0|1|0|11|0|7|0|0|0|0|5|0|-1|0|0|1|0|-5|0|4|0|0|-1|0|1|1|-0.125
61|1.0203711588052342|-3.395193134205776E-4|0|0|3|2|1|0|2|0|0|6|3|0|0|0|0|0|-2|0|0|0|0|0|0|-3|1|-1|0|-1|3|4|1.0
16|1.364276695296637|-0.024285113019775872|9|1|11|0|0|0|0|12|2|10|3|0|0|0|-5|-1|3|-1|0|0|0|2|1|0|3|0|0|0|2|2|0.0
50|1.1558483432720765|-0.01863689094189369|2|1|20|8|4|0|6|7|0|17|4|2|0|4|-4|1|0|4|2|0|2|4|-1|-3|-4|-2|0|-2|3|3|-0.875
6|3.0751779069266547|0.017419950648345228|2|0|9|0|0|0|0|12|0|0|0|0|0|0|-6|0|9|0|0|0|0|10|0|-9|0|0|0|0|1|1|0.125
61|1.0435549876965964|-7.259164616097991E-4|0|0|6|1|1|0|0|0|0|8|0|2|0|1|0|0|-2|0|-2|0|0|0|0|-2|-2|0|0|0|3|3|-1.0
52|1.0238969362907555|-4.685673782500732E-4|3|1|23|7|4|0|5|3|0|15|7|0|0|0|0|1|7|0|3|0|5|-1|-1|-8|-1|-4|0|-5|3|4|1.0
4|2.7377111549046633|-1.581427954841386|6|1|0|0|0|0|0|5|0|3|0|0|0|0|2|1|0|0|0|0|0|-1|-1|3|0|0|0|0|2|1|-0.125
10|1.5892922226992172|-0.2367053773241361|7|0|10|0|0|0|0|10|2|5|0|0|0|0|-2|-1|6|0|0|0|0|2|2|-4|0|0|0|0|1|2|0.0
15|1.3975993359238432|0.0011867304606605344|10|1|12|0|0|1|0|12|0|12|0|0|0|0|0|0|-1|0|0|0|0|1|-1|1|0|0|0|-1|2|4|1.0
19|1.2052365756111403|-0.011402031978396732|10|0|15|2|0|0|0|14|3|14|2|0|3|1|-1|0|0|0|0|0|0|0|1|-1|1|0|-1|1|2|2|0.25
24|1.3535533905932737|0.017842549213344938|14|2|19|3|0|0|0|14|1|17|4|0|0|1|0|1|4|0|0|0|-1|0|-1|-2|1|0|0|1|2|2|-0.25
55|1.0483064408998615|-8.945637203676693E-4|3|1|19|3|2|0|6|0|0|11|8|1|0|2|0|0|-1|0|0|0|0|0|-1|-2|0|0|0|-2|3|4|1.0
41|1.1252576320514986|-0.003131440801287466|9|4|19|5|3|0|5|8|0|29|5|2|0|1|0|0|-2|-1|-1|0|0|-1|0|2|0|0|0|0|3|3|-0.875
45|1.1231823059303343|-0.0027995978620531936|3|1|23|8|3|0|1|6|2|19|9|3|2|3|0|0|0|-1|0|0|0|-1|0|1|1|0|0|1|3|3|-0.875
10|2.0113122279787037|-0.4293035103684315|8|0|9|1|0|0|0|6|1|7|2|0|0|0|6|-1|2|-1|0|0|0|-2|1|-2|1|0|0|0|2|2|-0.125
19|1.651484400064776|0.019361977774178918|9|2|14|2|0|0|2|19|1|6|4|0|2|0|0|0|0|0|0|0|0|3|-1|-1|0|0|1|-1|2|4|1.0
39|1.1511005699228762|-0.003976330787444082|7|3|25|2|1|0|2|7|3|17|4|3|0|4|0|0|-1|0|0|0|0|-2|0|-2|2|0|-1|1|3|3|-0.875
1|0.0|NaN|0|0|0|0|0|0|0|4|0|0|0|0|0|0|0|0|0|0|0|0|0|4|0|0|0|0|0|0|0|1|0.0
15|1.6565461308388847|-0.11832472363134916|12|3|9|0|0|0|2|11|0|16|0|0|0|0|-2|0|2|0|0|0|0|2|0|2|0|0|0|0|2|1|-0.5
54|1.0383531076271384|0.0070917066933200434|2|2|15|7|1|0|4|1|3|14|4|3|0|4|0|0|-2|3|-2|0|0|-1|1|-2|-5|2|0|-1|3|3|-0.875
8|2.587023276493501|-0.028838538148988402|12|0|4|0|0|0|0|4|1|9|0|0|0|0|7|0|-2|0|0|0|0|-8|1|5|0|0|0|0|1|2|0.0
11|1.9011533695299325|0.009884663047006859|12|1|6|0|0|1|0|11|1|8|1|0|0|0|0|0|0|0|0|0|0|2|1|0|0|0|0|0|2|2|-0.125
42|1.150169899746792|-0.01376545029560683|7|4|17|8|1|0|6|6|1|24|5|2|1|2|2|3|-6|1|0|-1|4|-1|-3|6|-3|1|1|-4|3|3|-0.875
25|1.3443079547644414|0.03715666761397274|13|2|11|3|1|0|1|15|2|18|2|0|1|1|0|0|0|0|0|0|0|0|0|1|1|0|0|0|3|3|-0.875
39|1.0999870496567092|-0.0026312381488606817|7|2|17|8|1|0|5|13|3|17|6|2|0|2|0|0|-2|0|0|0|0|-1|0|0|1|0|0|0|3|3|-0.875
60|1.0373773447853214|-6.335143183953118E-4|1|0|6|5|0|0|5|0|0|6|7|0|0|2|1|0|-3|-2|0|0|3|-1|0|-1|2|-1|0|-3|3|3|-0.875
59|1.0070205688537812|-1.2104429058235056E-4|0|0|11|3|2|0|3|0|0|9|5|1|0|3|0|0|-2|-1|0|0|0|0|0|-1|1|-1|0|0|3|4|1.0
15|1.5376330068163988|-0.06798904065639211|3|1|18|0|0|0|0|14|0|10|2|1|1|0|-1|0|1|0|0|0|0|3|0|1|0|0|0|0|2|3|0.25
37|1.2775979953573757|-0.012476968628088558|7|3|20|9|2|0|6|6|1|17|8|3|0|4|0|0|-1|0|0|0|0|2|0|0|1|0|0|1|3|3|-0.875
48|1.0690355937288492|-0.0014688424197626393|4|3|15|7|2|1|6|2|2|18|11|2|0|2|2|1|-4|-3|0|1|4|-2|-1|1|3|-1|-1|-5|3|3|-0.875
60|1.0276142374915396|-0.007488606777366513|1|0|10|3|2|0|2|0|0|8|2|1|0|0|1|0|0|1|1|0|2|-1|0|-6|-2|-2|0|-4|3|3|-0.875
4|3.351229586821916|0.2971370334324561|6|1|0|0|0|0|0|8|0|0|0|0|0|0|2|1|0|0|0|0|0|2|-1|0|0|0|0|0|2|1|-0.125
29|1.2726246329382676|-0.00973659403350946|11|3|26|1|0|0|2|14|2|15|5|0|3|4|0|0|-1|0|0|0|0|-1|0|1|1|0|0|1|2|3|-0.75
15|1.5389506626722043|-0.00403607234470571|7|1|13|1|0|0|0|10|3|6|2|0|2|0|0|0|0|0|0|0|0|1|0|0|0|0|1|0|2|3|0.5
1|0.0|NaN|0|0|0|0|0|0|0|1|0|3|0|0|0|0|0|0|0|0|0|0|0|1|0|3|0|0|0|0|0|1|0.0
2|3.0|3.0|1|0|3|0|0|0|0|0|0|3|0|0|0|0|1|0|3|0|0|0|0|-1|0|0|0|0|0|0|1|1|0.0
30|1.1987996679619215|-0.055621145873621325|12|3|20|2|1|1|0|12|5|8|2|2|0|1|0|-2|12|-1|-1|1|-1|-3|2|-9|-1|1|-2|1|3|3|-0.875
43|1.1466775764968666|-0.013354550925475106|5|2|22|5|4|0|4|4|1|18|13|1|0|7|-2|0|2|0|1|0|0|-1|1|0|0|0|0|3|3|3|-0.875
59|1.040918873938527|-7.054978265264022E-4|1|0|13|5|2|0|4|0|0|8|5|0|0|1|-1|0|-1|0|0|0|0|0|0|-4|-1|0|0|0|3|3|-0.875
15|1.9132605811609293|-0.09481958168100135|12|1|12|0|0|0|0|13|0|12|2|0|1|0|-2|0|2|0|0|-1|0|1|0|0|0|0|0|0|2|2|-0.125
45|1.0736379666441058|-0.0016735901510023243|5|2|18|9|0|0|6|6|1|26|7|2|0|4|0|0|-2|0|0|0|0|0|0|-3|1|0|0|1|3|4|1.0
42|1.0911530267796712|-0.0022232445556018554|4|4|24|11|1|0|9|5|0|27|7|0|2|0|0|4|-3|4|1|0|8|1|-5|2|-3|-1|2|-9|3|4|1.0
49|1.0422666900380708|-8.805560424598458E-4|4|0|18|11|2|0|6|4|1|23|3|1|0|4|0|-1|-1|1|0|0|0|-1|0|0|-2|0|0|0|3|4|1.0
2|2.0|2.0|1|0|3|0|0|0|0|4|0|0|0|0|0|0|1|0|3|0|0|0|0|3|0|-3|0|0|0|0|1|1|0.0
61|1.0067903862684113|-1.1317310447345186E-4|0|0|7|2|2|0|0|0|0|7|1|0|0|0|0|0|-2|-1|-1|0|0|0|0|-3|0|0|0|0|3|3|-1.0
47|1.155610819127335|-0.003382843894072618|4|0|19|6|2|0|1|0|0|27|7|4|0|3|0|0|-1|-1|-1|0|0|0|0|3|-1|1|0|0|3|3|-0.875
6|3.3333333333333335|-0.36109385766658253|6|0|5|0|0|0|0|8|0|3|0|0|0|0|2|0|2|0|0|0|0|2|0|-2|0|0|0|0|1|1|0.0
54|1.0383531076271384|-0.008538993773589354|2|1|16|5|5|0|4|2|0|13|4|3|0|1|0|1|2|0|2|0|2|-1|-1|-3|-2|-2|0|-3|3|4|1.0
53|1.076812600223877|-0.039938703850459056|3|0|14|6|2|0|2|2|0|18|10|1|0|7|-1|0|-2|0|0|0|0|-1|0|1|1|0|0|0|3|3|-0.875
12|1.5989667273219703|-0.01679574226807934|7|1|12|0|0|0|0|8|0|11|1|0|0|0|-1|1|2|0|0|0|0|1|-1|-2|1|0|0|0|2|2|-0.125
36|1.2486345727671848|-0.01893851814686487|2|1|28|9|1|0|1|13|1|17|4|1|1|3|-12|0|10|7|0|-1|-1|10|0|-11|-5|1|1|2|3|3|-0.875
41|1.1194998765027235|-0.002987496912568055|5|2|18|3|3|0|2|6|0|23|11|2|0|3|0|-1|-1|1|0|0|0|-1|0|-1|3|0|0|1|3|3|-0.875
41|1.2587243626612443|-0.006468109066531058|5|3|26|4|2|0|4|2|4|26|6|3|0|3|0|0|-1|-1|-1|0|-2|-2|0|0|1|0|0|0|3|3|-0.875
24|1.1104283974947036|-0.015065059782369383|17|0|19|2|1|2|0|11|2|13|4|1|2|0|4|-2|8|0|0|0|0|-7|2|-5|2|0|0|0|3|3|-0.75
30|1.1771236166328254|-0.020390937207100723|10|2|23|5|0|0|0|16|1|13|7|1|3|2|-4|1|10|-2|-1|-2|-2|4|-1|-10|2|1|3|2|2|3|0.5
33|1.2162291792154987|-0.0011901123231936594|9|2|22|2|2|1|1|13|3|19|4|2|1|1|0|0|-1|0|0|0|0|1|0|2|0|0|0|0|3|3|-0.875
3|3.2769839649484336|-2.553967929896867|4|0|0|0|0|0|0|8|0|0|0|0|0|0|0|0|0|0|0|0|0|4|0|0|0|0|0|0|1|1|0.0
61|1.0135807725368227|-0.007129905581831908|0|0|7|4|1|0|3|0|0|3|3|1|0|1|-1|0|-4|0|0|0|0|0|0|-2|0|0|0|0|3|3|-1.0
42|1.0731206621872733|-0.03193143023626965|5|2|28|8|0|0|2|5|0|28|9|1|0|4|0|2|2|-1|-1|0|-2|-1|-2|-1|1|1|0|2|2|3|-0.875
33|1.631347625197739|-0.01416256376013858|8|7|20|5|1|0|1|8|4|21|7|2|0|3|-1|0|1|0|0|0|0|1|0|-1|0|1|0|1|3|3|-0.875
40|1.2341264545497936|0.004617618149315383|6|2|16|10|1|0|3|9|4|20|7|2|0|4|-3|-2|-5|5|-1|0|1|3|2|1|-3|1|0|1|3|3|-0.875
53|1.0423139752286656|-8.137302928590273E-4|3|0|15|8|1|0|4|5|0|17|5|2|1|4|0|0|-2|-1|-1|0|0|0|0|-1|0|-1|0|1|3|4|1.0
50|1.142711258282229|0.0055408633487932235|1|1|15|10|2|0|4|3|1|17|6|1|0|0|-2|0|-1|3|1|0|3|1|0|3|-4|-1|0|-4|3|4|1.0
4|2.98606797749979|0.4953559924999298|5|0|3|0|0|0|0|8|0|0|0|0|0|0|1|0|3|0|0|0|0|3|0|-3|0|0|0|0|1|1|0.0
6|3.321684432633458|-1.120536077552138|6|0|5|0|0|0|0|1|0|7|1|0|0|0|6|0|1|-1|0|0|0|-5|0|2|1|0|0|0|1|2|-0.125
44|1.180999773610401|-0.004209297060707051|8|2|18|9|1|2|5|2|2|27|8|2|0|3|6|0|-11|2|-1|2|2|-7|0|9|-1|1|-2|-2|3|3|-0.875
61|1.0203711588052342|-3.395193134205776E-4|0|0|9|2|0|0|1|0|0|3|2|1|0|0|0|0|-4|0|0|0|0|-1|0|0|-1|-1|0|-1|3|4|1.0
8|2.27870689947315|-0.5548940249910195|5|0|9|1|0|1|0|9|1|3|1|0|0|0|-3|0|7|0|0|1|0|3|1|-5|0|0|-1|0|2|2|0.0
38|1.0545017845227758|-0.012667982348536944|8|3|13|8|2|0|3|10|1|20|10|1|1|5|-3|2|-6|0|1|-1|-2|2|-3|5|3|-1|1|2|3|3|-0.875
13|1.3729378432756367|0.0034396432581218495|9|2|9|0|0|0|0|9|0|12|1|0|0|0|0|0|-1|0|0|0|0|3|0|1|0|0|0|0|2|2|-0.125
42|1.0928451175383729|0.007838254752066343|5|1|25|4|4|1|3|3|2|25|5|0|0|3|1|-1|-2|0|4|1|0|-2|1|-1|1|-4|-1|0|3|3|-0.875
56|1.0147933415133248|-2.6896984569679816E-4|2|0|12|7|1|0|5|4|0|10|4|1|0|3|-3|0|-1|4|0|0|2|0|0|-1|-3|0|0|-2|3|3|-0.875
22|1.7963833019508586|-0.10175269271393028|11|3|16|2|1|2|0|14|1|9|4|2|1|4|-1|2|9|-2|-1|1|-3|1|-2|-5|2|1|-1|4|3|3|-0.375
19|1.76341367350216|0.2012083963129081|15|0|13|2|0|1|0|13|3|16|0|0|2|1|0|0|0|0|0|0|0|0|0|3|0|0|0|0|2|2|0.125
16|1.4825843344836478|-0.12109565799372235|11|0|10|3|0|0|0|16|1|11|0|0|1|0|-4|-1|1|3|0|-1|0|4|1|2|-3|0|1|0|2|2|0.0
60|1.0442809041582062|0.006270045054489692|0|0|7|3|0|0|1|0|0|6|4|1|0|3|0|-1|0|-1|0|0|-2|0|0|-2|1|1|0|2|3|3|-0.875
57|1.0072669046030367|-0.007526436910288092|1|2|12|2|3|0|2|1|0|13|1|4|0|3|0|0|-3|0|0|0|0|-1|0|-1|1|0|0|1|3|3|-0.875
27|1.443355905831694|-0.055513688685834284|11|1|18|4|0|0|3|9|3|17|3|2|0|2|-1|0|1|0|0|0|0|2|0|1|-1|1|0|1|2|3|-0.875
11|1.9220165757008685|0.16835346997631273|10|0|6|1|0|1|0|10|2|5|2|0|0|0|0|0|0|0|0|0|0|1|0|2|0|0|0|0|2|2|0.0
48|1.0604061445127428|-0.0012852371172924482|1|3|16|13|2|0|8|6|1|21|4|0|0|1|-5|2|-6|10|1|0|6|5|-2|3|-10|-2|0|-8|3|4|1.0
44|1.1301800468490422|-0.003027442949977699|7|4|19|8|2|0|6|2|1|18|11|0|0|2|4|3|1|-1|2|0|4|-5|-3|-4|2|-2|0|-4|3|3|-0.875
55|1.0740194147611906|-0.009041351428412447|1|0|14|3|1|0|0|4|0|12|9|3|0|5|0|0|0|-1|0|0|0|1|0|-1|0|0|0|1|3|4|1.0
21|1.386339156180335|0.0013937203096383577|7|4|18|1|0|0|1|18|2|16|0|0|2|1|-1|0|1|0|0|0|0|1|1|1|0|0|0|0|2|2|-0.625
3|2.824045318333193|0.824045318333193|1|0|3|0|0|0|0|5|0|3|0|0|0|0|0|0|0|0|0|0|0|4|0|0|0|0|0|0|1|1|0.0
38|1.1221312190733541|-0.03670808639386869|10|1|24|6|0|1|1|8|2|23|6|0|1|1|2|0|3|0|0|0|0|-2|1|-3|0|0|0|0|3|3|-0.875
31|1.1601287109308918|-0.005337623697696303|15|1|22|1|1|3|0|12|3|22|4|2|2|2|0|0|-1|0|0|0|0|-1|1|0|0|1|-1|1|3|3|-0.5
18|1.7135426025894906|-0.16341398263738038|12|4|9|1|0|1|0|17|0|12|0|0|1|0|-2|4|-2|1|0|0|0|4|-4|4|-1|0|0|0|3|2|-0.625
16|1.7370289920364022|-0.021521028644220452|16|2|8|0|0|3|0|13|0|13|2|0|1|0|5|2|-5|-1|0|2|0|-3|-2|4|2|0|-2|0|2|2|-0.125
63|1.0355974712241158|-5.741527616791586E-4|0|0|4|0|0|0|0|0|0|3|1|0|0|1|0|0|-4|0|0|0|0|0|0|-2|-2|0|0|-1|3|4|1.0
29|1.312568796629172|-0.011163171308184783|15|0|16|6|1|1|1|8|1|27|4|0|1|1|-2|0|2|0|0|0|0|-1|1|1|1|0|1|1|3|3|-0.75
46|1.124377159820399|0.024704240392875443|2|2|22|7|1|0|4|7|2|27|2|1|1|4|-5|-2|-3|5|1|-1|1|5|0|5|-5|0|1|0|3|3|-0.875
38|1.091717930901015|-0.029505890024351666|5|3|29|7|1|0|5|10|3|24|6|0|1|2|-5|0|4|2|1|-1|3|3|0|-4|-1|0|0|-3|3|2|-0.875
24|1.4398478827543355|-0.06260208185888416|13|3|17|0|0|0|0|20|2|17|1|0|2|2|-7|1|4|-1|0|-2|-2|6|-1|1|1|0|2|2|3|2|0.375
35|1.3322132487699458|-0.02195372973950116|13|1|19|4|2|2|2|15|1|18|6|2|2|2|-2|0|1|0|0|0|0|0|1|1|0|0|0|1|3|3|-0.875
12|2.48669014759032|-0.05543597938254363|7|1|12|1|0|0|0|6|1|7|1|0|0|0|1|0|7|1|0|0|0|-1|0|-5|0|0|0|0|2|2|-0.125
12|1.7067992581658264|-0.08545316384497936|13|1|6|0|0|0|0|7|2|9|1|0|0|0|8|0|-3|-1|0|0|0|-6|1|3|1|0|0|0|2|2|0.0
41|1.103479041149251|-0.012942315088058542|10|2|20|7|2|1|3|11|0|22|7|2|2|1|0|-1|0|1|0|0|0|0|0|2|0|0|0|0|3|3|-0.875
60|1.047140452079103|-7.989907132051055E-4|0|1|9|3|2|0|2|1|0|3|3|2|0|0|-1|1|5|-2|0|0|2|1|-1|-8|0|-1|0|-2|3|4|1.0
2|4.47213595499958|4.47213595499958|4|0|0|0|0|0|0|1|0|3|0|0|0|0|4|0|0|0|0|0|0|-3|0|3|0|0|0|0|1|1|0.0
33|1.356865128451482|-0.042402035264108795|6|4|22|3|0|0|6|8|4|26|2|3|0|3|0|0|-1|0|0|0|0|-1|0|3|1|0|-1|1|3|3|-0.875
19|1.357495640189676|-0.042507582941292865|14|1|13|1|0|1|0|11|2|17|0|1|0|0|-1|0|1|0|0|0|0|1|0|2|0|0|0|0|2|3|0.25
11|1.9511673399921954|0.10488326600078035|8|1|6|2|0|0|0|11|0|7|1|0|0|0|0|0|0|0|0|0|0|0|0|3|0|0|0|0|2|2|-0.125
14|1.4866113714315188|-0.13251379607163938|15|0|12|0|0|1|0|10|2|12|0|0|1|0|6|-1|1|0|0|1|0|-6|2|1|0|0|0|0|1|2|0.0
19|1.288699019696767|0.026401833489080095|13|0|14|0|1|1|0|18|0|16|1|1|1|0|0|0|0|0|0|0|0|1|0|3|0|0|0|0|3|3|-0.5
38|1.2637345376706346|-0.0183229216228038|10|1|28|7|1|1|3|6|2|20|3|3|0|4|2|-1|9|4|-2|0|0|-4|1|-8|-5|2|-1|1|3|3|-0.875
5|4.808658284718389|0.07259030721859894|5|0|3|0|0|0|0|2|0|8|0|0|0|0|0|0|0|0|0|0|0|1|0|2|0|0|0|0|1|1|0.0
2|5.656854249492381|5.656854249492381|1|0|3|0|0|0|0|1|0|3|0|0|0|0|1|0|3|0|0|0|0|0|0|0|0|0|0|0|1|1|0.0
42|1.092845117538373|-0.012367284875889561|9|2|20|6|0|2|4|8|1|24|9|0|1|3|0|1|-4|-2|0|1|1|-2|-1|2|3|0|-1|-1|3|3|-0.875
24|1.169627825494395|-0.007375122847582238|10|2|17|3|1|1|1|7|3|14|4|0|1|1|1|0|4|-1|1|0|1|-4|1|-2|1|-1|0|0|3|2|-0.75
54|1.0677195231387477|0.017590197676627506|2|0|13|7|3|0|6|3|0|10|9|4|0|3|-2|0|1|-1|-1|0|4|1|0|-3|2|1|0|-3|3|3|-0.875
38|1.069917217091905|-0.017721720397805507|3|2|25|6|0|0|1|7|1|25|6|0|0|3|-4|1|0|1|0|0|-2|4|-2|-2|1|0|0|1|3|3|-0.875
29|1.1911449574781054|-0.09884414928641339|9|1|20|2|1|0|2|14|2|27|2|0|3|1|-1|0|0|0|1|0|0|0|0|2|0|0|0|0|3|2|-0.875
1|0.0|NaN|0|0|0|0|0|0|0|4|0|0|0|0|0|0|0|0|0|0|0|0|0|4|0|0|0|0|0|0|0|1|0.0
60|1.0746451444103178|-0.001265171939157872|0|1|11|1|2|0|2|0|0|6|4|0|0|1|0|1|2|-4|2|0|1|0|-1|-7|2|-3|0|-2|3|3|-0.875
33|1.2289802783667894|0.005788540125197139|15|1|27|7|0|1|7|10|3|18|3|1|1|3|0|0|-2|0|0|0|0|-1|1|1|1|0|1|0|2|3|-0.875
4|2.1770509831248424|-1.2573116334901178|7|0|1|0|0|0|0|4|0|3|0|0|0|0|6|0|-1|0|0|0|0|-4|0|3|0|0|0|0|1|1|0.0
41|1.1825678383960627|-0.004564195959901429|6|2|23|9|1|0|4|7|3|12|4|4|1|2|-1|0|0|0|0|0|0|-2|1|-1|-1|2|0|0|3|3|-0.875
44|1.1112027778861857|-0.0025861111136322723|6|3|23|2|3|1|3|2|2|20|5|1|0|3|3|2|2|-3|2|1|1|-7|-1|-1|3|-2|-3|-1|3|3|-0.875
44|1.1353958483917759|0.006484132883286309|6|2|19|4|2|0|0|2|2|22|7|1|0|4|2|0|-4|-2|2|0|-3|-4|0|1|3|-1|0|4|3|3|-0.875
56|1.0474438258837924|-0.008393770695579894|1|0|19|3|3|0|3|1|0|10|3|4|0|3|0|0|9|0|-1|0|0|-1|0|-9|0|0|0|0|3|3|-0.875
30|1.2104569499661588|-0.04988016991261879|10|0|21|4|0|0|1|6|6|20|3|1|0|3|3|-6|3|2|-1|0|0|-6|6|1|-1|1|-1|2|3|3|-0.375
8|3.6840169943749475|-0.1842240385484195|8|0|4|1|0|0|0|6|0|7|1|0|1|0|3|0|0|0|0|0|0|-2|0|3|0|0|1|0|2|2|0.0
45|1.1126903958192327|-0.0025611453595280054|4|1|27|2|2|0|0|3|3|17|9|1|0|2|-2|0|1|0|0|0|0|1|0|0|-1|0|0|1|3|3|-0.875
29|1.4411178332277186|0.04954676041137418|12|3|18|5|0|1|1|11|3|14|6|0|0|1|0|0|0|0|0|0|0|0|0|0|0|-1|0|1|2|4|1.0
51|1.100697312041401|0.006270325006633826|2|0|19|10|0|0|3|3|0|19|8|1|0|3|0|0|0|-1|0|0|0|0|0|0|-2|0|0|-1|3|4|1.0
29|1.2519701996332848|-0.05314422061189594|8|2|21|3|4|0|1|7|0|31|4|0|0|3|-1|0|1|0|0|0|0|0|0|4|0|0|0|1|3|3|-0.875
45|1.1325331119746143|-0.012426060780629689|5|0|20|8|0|0|3|5|2|19|8|2|0|3|0|0|-1|0|-1|0|0|-1|0|0|1|0|0|0|3|3|-0.875
46|1.0666194587444777|-0.001480432416543831|4|0|19|10|3|0|1|4|1|25|6|3|1|5|0|-1|-7|4|0|-1|-4|0|1|3|-4|0|1|4|3|3|-0.875
6|2.192163740847158|-0.6384327481694316|3|0|7|0|0|0|0|11|0|1|0|0|0|0|-4|0|6|0|0|0|0|8|0|-6|0|0|0|0|1|1|0.125
6|3.3510915950279228|0.22420887199433093|8|0|2|1|0|0|0|5|0|6|0|0|0|0|4|0|-1|1|0|0|0|-3|0|4|-1|0|0|0|2|1|-0.125
12|1.5903549950069218|0.015779729772117168|11|0|8|1|0|1|0|12|0|8|1|0|0|0|3|0|0|0|0|1|0|1|0|0|0|0|-1|0|2|2|-0.125
44|1.0697969957242153|-0.001623185947074779|7|2|27|6|0|2|2|8|1|14|8|2|1|1|-2|1|13|-2|-1|1|1|1|-1|-15|2|2|-1|-1|3|3|-0.875
28|1.2609691353344739|-0.06418907741977975|11|2|20|4|1|0|0|12|2|16|5|0|0|0|-1|0|7|-1|1|0|0|-1|0|-2|1|-1|0|0|3|3|-0.875
27|1.3735706493974116|-0.06190917795758444|12|4|16|5|0|1|2|14|1|16|5|0|0|1|-2|0|2|0|0|0|0|2|0|2|0|0|0|0|2|3|-0.75
33|1.2287811053480167|-0.007149409542125618|12|1|25|2|0|2|0|11|3|22|3|2|1|4|-1|0|0|0|0|0|0|0|0|1|0|0|0|0|3|3|0.75
38|1.1460467493811723|-0.053364158760198954|8|0|21|5|2|0|1|12|2|22|5|2|2|1|-3|-2|1|0|0|-1|0|4|1|0|1|0|2|0|3|4|1.0
22|1.5808759883802204|-0.07835100431553355|9|0|15|3|1|1|1|15|3|9|2|1|0|1|-6|-3|6|1|0|1|0|4|3|-4|-2|0|-1|-1|3|3|-0.75
5|2.2983801585673325|0.32679277922416383|4|1|2|0|0|0|0|4|0|8|0|0|0|0|0|0|0|0|0|0|0|1|0|3|0|0|0|0|2|1|-0.125
41|1.1353604018654768|-0.0033840100466369094|5|1|22|7|2|1|1|7|3|17|4|2|0|2|-1|0|0|0|0|0|0|-1|1|-1|0|0|0|0|3|3|-0.875
63|1.0|0.0|0|0|3|0|0|0|0|0|0|5|0|0|0|0|0|0|-2|-2|0|0|0|0|0|-2|0|0|0|0|3|3|0.0
15|1.3300563079745769|-0.11186602039102644|12|0|7|3|1|1|0|15|1|10|1|0|2|1|-1|0|1|0|0|0|0|3|0|1|0|0|1|0|3|2|-0.5
55|1.0602492454360863|-0.001115726767334957|3|1|9|7|0|0|2|2|1|7|11|1|1|4|0|0|-2|-1|0|0|0|-1|0|1|0|-1|0|-2|3|4|1.0
26|1.4282908813119792|0.025819977440777464|13|0|23|4|1|1|0|14|3|18|1|0|3|1|-1|-3|7|4|1|-2|-1|1|3|-5|-3|-1|2|1|3|2|-0.625
35|1.1971284267603333|-0.005797894904715717|4|4|21|4|0|0|2|9|6|19|7|0|0|4|-2|0|2|0|0|0|0|-1|0|2|1|0|0|0|3|3|-0.875
39|1.1677744555606422|-0.015315474156150977|10|0|22|4|2|1|1|8|1|25|5|2|1|6|-1|0|-3|0|0|0|0|-1|0|2|1|0|0|0|3|3|-0.875
24|1.3875234616560739|0.01636558960191903|15|0|13|3|0|2|0|13|0|19|4|0|0|0|1|0|-5|0|0|2|0|-2|0|6|1|0|-2|0|3|2|-0.125
29|1.3290759919608637|0.032392570912104235|12|1|20|4|1|2|1|15|2|19|4|0|0|3|0|0|0|0|0|0|0|-1|0|0|2|0|0|0|3|3|-0.875
31|1.4497274001462328|-0.01499091333820779|6|0|24|5|1|0|1|15|2|16|5|3|0|2|-2|0|2|0|0|0|0|-1|0|2|1|0|0|0|3|3|-0.875
51|1.0324873382253408|-6.497467645067978E-4|4|0|12|9|1|0|6|4|0|19|9|1|1|3|-1|0|1|-1|0|0|0|-1|0|-2|1|0|0|0|3|3|-0.875
51|1.0439733468062604|-8.794669361251728E-4|4|0|26|6|3|0|6|1|0|22|5|1|0|3|0|0|-4|0|0|0|0|0|0|0|0|0|0|0|3|3|-0.875
11|2.7650352700035743|0.039724239016480034|12|1|4|0|0|1|0|6|1|8|3|0|0|2|0|0|0|0|0|0|0|-2|1|2|1|0|0|2|2|2|-0.125
27|1.2121452615317725|-0.030689680736872393|18|1|15|3|0|2|0|16|2|12|6|0|1|0|0|0|-3|0|0|0|0|1|0|0|0|0|0|0|2|3|-0.25
23|1.4912104597512974|-0.049852806146149176|12|0|21|0|0|1|0|14|4|13|2|1|0|2|0|0|0|0|0|0|0|4|0|0|0|0|0|0|2|3|0.5
47|1.118080350563501|-0.002566964142684647|6|2|20|6|2|1|2|2|3|13|6|2|0|3|-1|0|-2|0|0|0|0|-2|0|-2|1|1|0|0|3|3|-0.875
3|6.403700850309327|0.4037008503093267|0|0|3|0|0|0|0|5|0|3|0|0|0|0|0|0|0|0|0|0|0|4|0|0|0|0|0|0|1|1|0.0
13|2.0365299312032197|-0.02271649239191742|11|1|9|0|0|0|0|8|0|12|1|0|0|0|0|0|0|0|0|0|0|1|0|1|0|0|0|0|2|2|-0.125
5|3.8907486476094526|-0.23057169595018934|5|0|2|0|0|0|0|4|1|6|0|0|0|0|0|0|0|0|0|0|0|-1|1|3|0|0|0|0|1|2|0.125
22|1.2203723619356035|-0.06935430187787572|11|1|23|0|0|1|1|14|4|12|1|0|0|2|-4|-1|11|-1|0|0|0|2|3|-11|1|0|-1|1|2|2|-0.625
62|1.0133617278184868|-0.007009430986747445|0|0|2|5|0|0|2|0|0|2|3|0|0|2|0|0|0|0|0|0|-2|0|-1|-2|-1|0|0|0|3|4|1.0
22|1.4448111115447428|-0.04907607377007839|14|0|19|3|0|2|0|15|1|16|1|1|1|0|-2|-1|5|2|-1|0|0|0|1|-2|-3|1|-1|0|2|3|0.375
61|1.0135807725368229|-2.2634620894690372E-4|1|1|3|2|1|0|0|0|0|7|4|0|0|0|0|0|-2|-1|0|0|0|0|0|-5|0|0|0|0|3|3|-1.0
14|1.8882947138469448|-0.05462685607489526|12|1|6|2|0|1|0|15|1|8|1|0|3|0|-2|1|-1|1|0|-2|0|2|0|3|-1|0|2|0|2|2|-0.125
43|1.1099516758455314|-0.0026178970439412197|9|3|18|7|1|0|4|6|2|26|5|2|0|4|0|0|-1|0|0|0|0|-1|-1|1|0|0|0|0|3|4|1.0
14|2.1814662835984087|0.004200130300106242|13|2|11|0|0|2|0|10|0|10|3|0|0|0|6|2|0|-2|0|2|0|-3|-2|-1|3|0|-2|0|2|2|-0.25
57|1.0436014276182204|-7.785969217539712E-4|0|1|8|6|1|0|3|0|1|12|3|5|0|5|-1|0|0|0|-1|0|0|0|0|1|-1|0|0|0|3|3|-0.875
20|1.6685815445805623|-0.056989216155455935|8|2|18|2|0|0|1|11|2|17|2|0|0|1|-2|0|3|0|0|0|0|3|0|-1|-1|0|0|0|2|2|-0.625
26|1.5240430153877895|-0.06096172061551153|10|3|13|5|0|0|1|9|2|21|3|1|0|1|1|1|-5|2|-1|0|0|-1|-1|8|-3|1|0|0|2|3|-0.625
18|1.5622052771892518|-0.06752892440095026|15|1|8|2|0|0|1|12|2|7|5|0|0|0|3|0|3|-3|0|0|1|-5|1|1|3|0|0|-1|3|2|-0.5
45|1.162380795319228|0.024401981413194385|3|2|22|10|1|0|2|6|2|20|7|1|0|2|0|0|0|0|0|0|0|-1|0|2|1|0|0|0|3|3|-0.875
28|1.1834129612182664|-0.02213431568856894|11|1|19|10|0|1|1|13|3|19|2|0|0|2|-2|-1|1|8|0|1|0|-1|2|3|-8|0|-2|1|2|2|-0.625
58|1.0142832262887274|-2.505829173462537E-4|1|0|9|4|1|0|1|0|0|13|2|3|0|1|0|0|-4|3|-4|0|-2|-1|0|2|-2|2|0|0|3|4|1.0
2|3.605551275463989|3.605551275463989|4|0|0|0|0|0|0|4|0|0|0|0|0|0|4|0|0|0|0|0|0|0|0|0|0|0|0|0|1|1|0.0
55|1.0814310666294376|-0.0015079827153599012|1|1|16|8|1|0|5|1|0|17|5|4|0|5|0|0|-4|0|0|0|0|0|0|-2|0|0|0|0|3|3|-0.875
38|1.2033663700357327|-0.03252341540637116|7|3|30|7|1|1|3|9|0|21|5|3|1|2|-3|3|8|5|-2|0|1|2|-3|-11|-2|2|0|-1|3|3|-0.875
5|3.359338255067268|-0.3706109701712319|5|0|2|0|0|0|0|8|0|3|0|0|0|0|0|0|0|0|0|0|0|4|0|0|0|0|0|0|1|1|0.0
13|2.0508270125095795|-0.11835919253948157|13|0|6|0|0|0|1|3|1|17|0|0|0|1|0|0|0|0|0|0|0|1|0|3|0|0|0|0|3|2|-0.5
57|1.050868332221257|-9.083630753796701E-4|1|0|13|5|2|0|3|1|1|11|4|4|0|7|-1|0|1|-1|0|0|0|0|0|-1|-2|0|0|-2|3|4|1.0
1|0.0|NaN|0|0|0|0|0|0|0|4|0|0|0|0|0|0|0|0|0|0|0|0|0|4|0|0|0|0|0|0|0|1|0.0
58|1.0214248394330911|-3.758743760191585E-4|0|0|10|5|2|0|4|0|0|11|5|5|0|5|0|0|-3|0|-2|0|0|0|0|0|-1|3|0|1|3|4|1.0
57|1.0145338092060734|-2.5953230725139775E-4|2|0|12|2|3|0|1|0|1|17|4|2|0|2|0|0|-2|0|1|0|0|0|0|-3|1|-1|0|0|3|4|1.0
55|1.0225934670385324|0.007252223987676887|1|2|11|7|0|0|4|1|0|12|10|1|0|4|0|0|-2|-1|0|0|-1|0|0|-2|-1|0|0|-1|3|4|1.0
49|1.0422666900380708|-0.038972787808005505|3|0|23|10|1|0|6|5|1|17|8|1|0|5|-1|0|0|-1|1|0|-2|1|0|0|0|0|0|0|3|3|-0.875
46|1.1408414927091102|-0.012334556779604489|5|2|23|5|3|0|4|2|0|24|7|2|0|2|2|2|0|-2|1|0|3|-4|-2|-2|2|-1|0|-2|3|3|-0.875
28|1.3074178167539654|-0.026727088115817477|8|1|18|6|1|0|1|15|3|16|4|0|1|0|-8|-1|2|2|1|-1|1|5|2|-1|-3|-1|1|-1|3|2|-0.625
31|1.2114951350356145|0.006757280911249497|12|1|26|4|0|3|0|8|0|26|6|1|0|2|0|0|-1|0|0|0|0|0|0|1|1|0|0|1|2|3|0.5
6|3.3507525325744667|-0.22986056757107365|8|0|3|0|0|1|0|9|0|2|0|0|0|0|3|0|1|0|0|1|0|1|0|-1|0|0|-1|0|1|1|-0.125
44|1.1832839795964996|0.005370455413409303|5|0|19|6|2|0|2|6|3|14|9|0|0|3|0|-3|5|-3|1|0|0|1|3|-6|3|-3|0|0|3|4|1.0
6|2.932540263436207|-0.8760402418781248|6|0|5|0|0|0|0|12|0|0|0|0|1|0|-2|0|5|0|0|-1|0|6|0|-5|0|0|1|0|1|1|0.0
49|1.074629678561069|-0.0015547849700221494|1|1|21|6|1|0|1|0|0|27|8|1|0|4|0|0|-2|0|0|0|0|0|0|1|0|0|0|0|3|3|-0.875
1|0.0|NaN|0|0|0|0|0|0|0|4|0|0|0|0|0|0|0|0|0|0|0|0|0|4|0|0|0|0|0|0|0|1|0.0
27|1.227243070893017|0.03880095794641458|18|3|10|1|0|5|0|14|3|21|5|0|2|0|0|0|0|0|0|0|0|0|0|2|1|0|0|0|2|2|-0.375
19|1.4370743833631228|-0.10248417978426239|10|0|16|2|0|0|0|8|1|21|1|0|0|0|-1|0|1|0|0|0|0|-1|1|2|0|0|0|0|2|3|0.25
21|1.715329163404006|-0.03576645817020019|13|1|8|5|0|3|0|11|4|11|4|0|1|0|0|-1|0|1|0|0|0|-2|2|-2|1|0|0|0|3|2|-0.5
1|0.0|NaN|0|0|0|0|0|0|0|4|0|0|0|0|0|0|0|0|0|0|0|0|0|4|0|0|0|0|0|0|0|1|0.0
56|1.036983353783312|0.006858731065268797|1|2|14|3|1|0|2|1|1|14|4|1|0|3|-1|0|-1|0|0|0|-2|0|-1|-2|1|0|0|1|3|4|1.0
48|1.077665042944955|-0.0016524477222330525|5|2|18|7|3|0|1|2|1|21|8|5|0|7|2|1|-4|1|-2|0|-4|-3|-2|2|2|2|0|6|3|3|-0.875
35|1.2677608826174642|-0.00282905904010744|10|2|25|2|1|2|2|11|2|17|7|0|0|1|0|0|0|0|0|0|0|1|0|1|0|0|0|1|3|3|-0.875
57|1.0248107642521596|0.017414093495497163|0|1|15|2|2|0|1|1|1|14|6|1|0|5|0|0|0|0|0|0|0|0|0|-2|-1|0|0|1|3|3|-0.875
5|2.9271301141676687|0.5429723498562788|5|0|2|0|0|0|0|6|0|5|0|0|0|0|0|0|0|0|0|0|0|1|0|3|0|0|0|0|1|1|0.0
42|1.1797565827734413|-0.014487076710891333|3|1|21|5|4|0|2|4|3|26|3|2|0|0|-1|-2|-4|2|0|0|2|1|2|4|-2|-1|0|-3|3|4|1.0
20|1.5404918347287666|0.08535714870734812|15|1|15|1|0|1|1|8|0|20|2|0|0|0|8|1|-3|-1|0|1|1|-7|-1|5|1|0|-1|-1|3|2|-0.625
42|1.1306019374818708|-0.03767842682573064|9|1|25|2|3|1|3|7|2|26|6|0|1|1|2|-1|2|-4|3|0|2|-2|1|0|4|-4|0|-2|3|3|-0.875
63|1.0065748184503664|-1.0604545887704653E-4|0|0|1|0|1|0|0|0|0|2|1|0|0|0|0|0|-2|-1|0|0|0|0|0|-2|-1|-1|0|-1|3|4|1.0
42|1.1321375351543939|0.006879903102895213|5|1|24|7|3|0|7|7|3|27|0|3|0|6|-1|-2|-5|7|0|0|1|2|2|3|-8|0|0|-1|3|3|-0.875
10|1.7019764837837084|0.2115083101866977|10|2|6|0|0|0|0|10|0|6|1|0|0|0|0|2|3|-1|0|0|0|0|-2|0|1|0|0|0|2|2|-0.125
57|1.06841219187038|-0.0012216462833996022|1|0|7|8|2|0|3|1|0|9|7|4|0|4|0|0|-2|-1|0|0|-1|-1|0|-2|0|0|0|0|3|4|1.0
59|1.0210617065613439|-0.027704278348073208|1|0|7|2|1|0|1|0|0|14|5|1|0|3|-1|0|-4|0|0|-1|0|0|0|0|0|0|0|0|3|3|-0.875
54|1.0153412430508553|-2.894574160539065E-4|0|2|17|9|0|0|2|4|0|14|10|0|0|3|-5|2|4|0|0|0|0|4|-2|-5|0|0|0|1|3|3|-0.875
26|1.2820566668008406|-0.027850809166957147|14|4|12|3|0|1|1|12|0|22|2|0|1|2|1|4|-8|2|0|-1|0|-2|-5|10|0|0|0|1|2|3|-0.5
55|1.037655778397554|0.006973292295843203|1|0|12|4|4|0|3|2|0|8|7|3|0|5|0|0|0|-1|0|0|0|-1|0|-1|1|-1|-1|1|3|4|1.0
47|1.1606335420528626|-0.0034920335228882937|8|2|17|7|1|2|2|2|0|17|10|3|0|3|0|0|-2|0|0|0|0|0|0|-2|0|-1|0|0|3|4|1.0
1|0.0|NaN|0|0|0|0|0|0|0|0|0|3|0|0|0|0|0|0|0|0|0|0|0|0|0|3|0|0|0|0|0|1|0.0
32|1.241497564417433|0.005571483805021593|17|3|15|3|0|1|2|11|2|20|6|2|0|6|7|1|-8|-1|-2|1|-1|-7|-1|6|3|2|-1|4|2|3|-0.875
55|1.0827232086633556|-0.009202532796971141|1|2|11|4|3|0|2|2|0|12|5|3|0|4|0|0|-2|0|-1|0|0|0|0|0|0|0|0|0|3|4|1.0
34|1.348346083723848|-0.010555941931025714|10|0|24|7|0|1|0|9|3|21|3|2|2|0|1|-3|4|4|-2|-1|0|-1|3|-3|-5|2|1|0|2|3|0.75
2|3.1622776601683795|3.1622776601683795|4|0|0|0|0|0|0|4|0|0|0|0|0|0|4|0|0|0|0|0|0|0|0|0|0|0|0|0|1|1|0.0
30|1.3676161713701207|0.02180633891827166|9|6|21|4|1|0|1|15|2|14|4|1|2|0|-5|4|5|1|1|-1|1|6|-4|-7|0|0|2|-1|3|3|-0.75
5|3.6146934630425576|0.6170172668139147|7|0|1|0|0|1|0|1|1|8|0|0|0|0|0|0|0|0|0|0|0|-1|1|3|0|0|0|0|1|2|0.0
33|1.1733742227799504|-0.023723770637714026|12|1|18|3|0|0|0|7|3|25|8|0|0|3|0|0|-2|0|-1|0|0|-1|1|1|0|0|0|1|3|2|-0.5
37|1.1053917550435586|-0.06504054812620397|7|2|25|8|0|0|5|9|1|22|7|2|1|4|-2|-1|2|1|0|0|-1|0|0|2|0|0|0|0|3|3|-0.875
20|1.3685815445805625|-0.08445523800422894|14|1|16|2|0|0|0|13|2|11|1|0|1|0|1|0|7|1|0|-1|0|-3|1|-3|-1|0|1|0|3|2|-0.5
45|1.1715855411497411|0.024192782644319122|9|4|15|9|2|0|8|8|0|17|5|2|0|2|0|0|0|0|0|0|0|-1|-1|-1|0|2|0|0|3|3|-0.875
23|1.825689770122586|-0.056359242386167185|11|2|17|2|0|1|2|14|2|19|2|0|0|4|0|0|-1|0|0|0|0|1|0|-1|2|0|0|1|3|3|-0.75
22|1.3350741314368748|0.04290446886013877|12|1|17|2|0|0|1|16|0|17|0|1|0|1|0|1|0|2|-1|0|1|4|-1|0|-2|1|0|0|2|3|-0.625
6|2.4023689270621826|-1.6920582639377333|3|0|5|1|0|0|0|8|0|2|0|0|1|0|-5|0|5|1|0|-1|0|3|0|-1|-1|0|1|0|2|1|0.0
1|0.0|NaN|0|0|0|0|0|0|0|1|0|3|0|0|0|0|0|0|0|0|0|0|0|1|0|3|0|0|0|0|0|1|0.0
45|1.0720586819359843|-0.001637697316726916|3|0|27|7|0|0|1|3|2|21|7|2|0|4|-2|0|2|-1|0|0|0|-1|1|0|-1|0|0|0|2|3|-0.625
53|1.0312614009338184|-0.01983195001795801|3|1|17|6|2|0|3|3|0|13|4|4|0|3|0|0|-1|0|0|0|0|0|0|0|0|0|0|1|3|3|-0.875
56|1.0221900122699872|-4.0345476854519724E-4|0|0|13|2|2|0|1|1|2|17|2|0|0|2|-1|-2|-4|-1|2|0|-1|1|2|3|-1|-2|0|1|3|3|-0.875
58|1.031524605599072|-5.530632561241422E-4|2|0|14|2|2|0|3|1|0|9|4|2|0|4|1|0|4|-2|0|0|-1|-1|0|-5|0|0|0|1|3|3|-0.875
62|1.0389389284253725|-6.383430889405073E-4|0|0|3|1|1|0|2|0|0|4|1|2|0|3|0|0|-2|-1|-1|0|-1|0|0|0|-2|1|0|0|3|3|-1.0
42|1.1641171958807657|-0.034150857887330854|7|1|16|6|1|0|2|8|1|24|13|2|0|6|-1|0|-6|-6|-1|0|-3|1|0|5|7|1|0|4|3|3|-0.875
26|1.2266508548843142|0.007502508299551236|14|1|21|3|0|1|1|13|2|18|2|0|4|0|2|-1|5|1|0|-2|1|-1|1|-4|-1|0|3|-1|3|3|-0.625
24|2.0642402052520037|0.04068520846730417|12|2|17|4|0|1|3|11|1|17|3|2|2|0|3|2|0|1|-2|0|3|-1|-1|0|-1|2|1|-3|3|3|-0.875
36|1.3387079251871647|0.018894059280366582|12|2|18|12|1|1|3|8|2|19|10|0|0|5|3|0|-2|4|1|1|0|-4|0|1|-2|-1|-1|2|3|3|-0.875
28|1.3494944447851551|0.0023970043551087006|13|5|19|1|1|1|2|14|3|21|2|1|1|0|-1|3|0|-1|0|0|2|-1|-2|4|1|0|0|-2|3|3|-0.75
34|1.1388632162275987|-0.0845195380636512|8|3|21|6|0|0|2|10|1|23|5|2|0|3|0|2|-1|1|-2|0|-1|1|-2|1|-1|2|0|1|3|3|-0.875
31|1.5942018731984606|0.021395536810044025|11|3|15|6|1|3|2|15|0|16|1|3|1|1|0|0|0|0|0|0|0|-1|0|2|0|0|0|-1|3|4|1.0
20|1.182842712474619|-0.07467950999865325|10|1|21|0|0|0|0|15|1|13|2|0|0|0|-3|0|7|-1|0|0|0|4|0|-8|2|0|0|0|2|2|-0.125
32|1.1473367700662145|-0.004752799034394073|12|1|23|2|1|1|2|18|0|23|4|0|2|3|-5|1|-1|-2|1|-1|-2|5|-1|1|2|-1|1|1|3|4|1.0
50|1.1531370849898475|-0.003125246632445844|2|1|19|8|0|0|7|2|1|24|6|2|1|4|-1|-1|-5|2|-2|-1|3|-1|0|3|-2|2|0|-3|3|4|1.0
25|1.4760675695694925|-0.06150281539872893|6|4|19|2|1|0|3|10|1|25|2|1|0|0|-4|0|4|0|0|-1|0|0|-1|2|0|0|0|0|3|3|-0.875
47|1.0264391635557295|-5.747644251243855E-4|2|0|19|9|1|0|2|4|2|15|10|1|1|4|-1|0|0|0|0|0|0|-3|1|1|0|0|0|2|3|4|1.0
10|2.104590467207512|-0.292927936148899|10|1|5|0|0|0|0|7|0|12|0|0|1|0|4|1|-5|0|0|-1|0|-3|-1|7|0|0|1|0|2|1|-0.125
60|1.0069035593728848|-1.1700948089643504E-4|0|0|7|1|1|0|1|0|0|4|0|3|0|0|0|0|3|-1|-1|0|1|0|0|-4|-2|1|0|-1|3|3|-0.875
6|2.8218905919118558|-1.7369706851377544|7|0|3|1|0|0|0|8|0|4|0|0|0|0|2|0|0|1|0|0|0|0|0|2|-1|0|0|0|2|1|0.0
62|1.0066808639092435|-1.0952235916783515E-4|0|0|3|4|0|0|3|0|0|5|1|2|0|2|0|-1|-5|3|-2|0|1|0|0|1|-5|2|0|-1|3|4|1.0
34|1.0659600202093908|-0.02710264075622959|10|2|31|3|1|1|1|7|0|23|4|1|1|2|3|2|8|-1|0|0|-1|-4|-2|-8|1|0|0|1|3|3|-0.75
4|5.538876803795515|-0.9135613872621153|6|1|0|0|0|0|0|2|0|6|0|0|0|0|5|1|-3|0|0|0|0|-4|-1|6|0|0|0|0|2|1|-0.125
4|2.4270509831248424|-0.7303276685416842|8|0|0|0|0|1|0|5|0|3|0|0|0|0|7|0|-3|0|0|1|0|-3|0|3|0|0|-1|0|1|1|-0.125
7|2.0670590642190922|0.18253643265821462|7|1|1|0|0|0|1|9|1|4|0|0|1|0|0|0|0|0|0|0|0|4|0|0|0|0|1|0|2|2|-0.375
42|1.1319810420682157|0.006883720007436311|1|0|22|5|4|0|5|10|2|24|5|2|1|3|-8|-2|-1|1|2|-1|2|8|2|2|0|-2|1|-2|3|3|-0.875
31|1.3191265234513603|-0.024444669527482032|18|1|11|4|2|2|1|16|3|7|8|2|1|3|-1|0|1|-1|0|0|-1|1|0|-2|2|0|0|0|3|3|-0.75
5|2.1511747526170333|-0.38970390134265775|4|1|2|0|0|0|0|5|0|6|0|0|0|0|-1|0|1|0|0|0|0|1|0|2|0|0|0|0|2|1|-0.125
22|1.4662718367719967|-0.002478965447566539|15|1|16|2|0|2|1|12|3|13|1|1|0|0|5|-3|2|1|-1|2|1|-4|2|-2|-1|1|-2|-1|2|3|-0.375
25|1.3651596081796782|0.026451682992513437|15|0|17|3|0|1|1|13|2|23|3|0|0|0|0|0|0|0|0|0|0|0|0|2|1|0|0|0|2|2|-0.625
40|1.1446461113496085|-0.003708874649990035|5|1|24|4|2|0|4|5|2|23|6|3|0|0|0|-1|2|-3|-1|0|4|-1|1|0|2|1|0|-4|3|3|-0.875
17|1.780519248843289|0.16822604413476805|14|3|8|1|0|2|1|15|2|13|1|0|2|0|0|0|0|0|0|0|0|-1|0|2|1|0|0|0|2|2|-0.375
28|1.520106021596505|-0.05844549682307365|14|2|12|2|1|1|0|15|4|21|2|0|1|2|-2|-1|-6|0|1|0|-2|0|2|8|0|-1|0|2|3|3|-0.875
4|2.302775637731995|0.26174042919277474|4|0|3|0|0|0|0|4|0|3|0|0|0|0|4|0|0|0|0|0|0|0|0|0|0|0|0|0|1|1|0.0
50|1.0414213562373094|-0.012800159058453442|5|1|19|5|0|0|3|2|1|20|7|3|0|4|2|0|-2|0|-3|0|-1|-3|-1|-1|3|3|0|1|3|3|-0.875
58|1.0071416131443636|-1.2529145867312685E-4|1|0|8|3|2|0|1|0|0|10|9|1|0|1|1|0|-4|-6|1|0|0|-1|0|1|6|-1|0|0|3|3|-0.875
15|2.107439718816213|-0.007674265629729504|8|1|15|0|0|0|0|13|2|9|1|0|0|0|0|0|0|0|0|0|0|3|-1|0|0|0|0|0|3|3|-0.75
60|1.0138071187457698|-0.03813347620755203|0|0|5|2|2|0|0|0|0|9|3|3|0|0|0|0|-4|-1|-1|0|0|0|0|3|0|2|0|0|3|3|-0.875
25|1.2948652356644499|-0.0122860514860188|11|4|18|1|0|1|1|11|1|21|3|1|0|1|0|0|-1|0|0|0|0|0|0|3|0|0|0|1|3|3|-0.625
10|1.8162277660168378|-0.30856174794068036|7|1|7|0|0|0|0|6|0|8|1|0|0|0|4|1|0|-1|0|0|0|-1|-1|0|1|0|0|0|2|2|-0.125
41|1.1397054161306792|-0.013847974462594337|5|5|29|5|0|0|6|10|4|13|9|0|0|6|-1|-1|1|1|0|0|0|0|0|0|0|0|0|0|3|3|-0.875
28|1.2694001345308952|-0.07530859840855886|10|1|20|4|0|2|1|13|2|22|5|0|1|0|-1|-1|-2|0|0|1|1|2|1|3|1|0|-1|-1|3|2|-0.625
27|1.1290844953421695|0.010966502578112491|10|2|16|2|0|0|0|10|4|16|5|1|0|4|0|0|-1|0|0|0|0|0|0|1|1|0|0|1|2|3|0.625
61|1.040742317610468|0.006224520746043627|0|0|6|2|0|0|1|0|0|11|3|0|0|4|0|-1|-1|-1|0|0|-3|0|0|-1|0|-1|0|0|3|4|1.0
10|1.7478708664619078|-0.12912049209277798|10|0|8|1|0|0|0|13|2|3|0|0|0|0|-2|-1|6|1|0|0|0|2|2|-4|-1|0|0|0|2|2|0.125
22|1.5161710439502876|-0.04430402887254181|16|3|15|3|0|0|1|14|2|10|3|0|1|1|-1|1|6|0|0|-2|0|-3|-1|-4|0|0|1|0|2|3|-0.25
62|1.0|0.0|0|0|4|1|0|0|0|0|0|6|0|1|0|0|0|0|-3|1|-2|0|0|0|0|1|-2|0|0|-1|3|4|1.0
1|0.0|NaN|0|0|0|0|0|0|0|1|0|3|0|0|0|0|0|0|0|0|0|0|0|1|0|3|0|0|0|0|0|1|0.0
61|1.0299742151597735|0.006403989120221887|0|0|6|3|1|0|0|0|0|4|7|1|0|1|0|0|-2|0|0|0|0|0|-1|-2|-1|1|0|-1|3|4|1.0
18|1.8128717283167792|-0.07218148768763988|14|1|16|0|1|1|0|7|2|18|3|0|0|0|6|0|-1|-2|1|1|0|-9|1|4|3|-1|-1|0|3|2|-0.5
15|1.7186181162909897|-0.06358507082462839|9|0|13|0|0|0|0|18|0|10|0|0|1|0|-1|0|1|0|0|0|0|3|0|1|0|0|0|0|1|3|0.25
53|1.0468921014007277|-0.020132540411552435|2|1|15|5|3|0|2|3|1|13|6|2|0|4|0|0|-2|-1|0|0|0|-1|0|1|1|0|0|1|3|3|-0.875
45|1.0498364597137617|-0.0011326468116765742|4|2|23|8|1|0|4|2|2|25|5|1|0|6|0|0|-2|-1|0|0|0|0|0|-2|0|0|0|0|3|3|-0.875
32|1.5807257456270585|0.05101780369488118|11|2|27|3|1|1|3|10|4|19|4|1|0|4|1|-2|5|1|1|1|-1|-1|2|-8|1|0|-1|1|3|3|-0.875
57|1.0568884331073558|-0.001015864876916961|1|1|4|2|4|0|2|1|1|11|4|5|0|6|0|0|-1|-1|0|0|0|-1|0|-2|1|0|0|1|3|3|-0.875
57|1.0714222423134292|-0.0012753971841683587|1|1|12|3|1|0|1|0|0|9|6|2|0|3|0|0|-3|0|-1|0|-1|0|-1|-3|0|1|0|0|3|3|-0.875
14|1.6677993040919161|0.08927906312725198|13|4|5|0|0|1|0|10|2|12|0|0|0|0|4|2|-4|0|0|1|0|-3|-2|7|0|0|-1|0|2|2|-0.25
15|2.3130790807965336|0.049065779943104904|11|0|8|2|0|0|0|13|2|10|1|0|0|1|0|0|0|0|0|0|0|0|0|2|1|0|0|0|3|2|-0.75
54|1.0785674201318385|0.00633294608002366|2|0|14|9|3|0|3|6|0|14|3|0|0|4|-4|0|-3|6|3|0|-2|4|-1|-2|-5|-3|0|1|3|4|1.0
36|1.129174487218691|-0.0322621282062483|10|1|20|4|2|1|4|12|2|18|6|3|1|5|-2|-1|6|-2|-1|0|-1|1|1|-1|2|1|0|1|3|3|-0.875
4|2.540569415042095|-3.1497865222463965|3|0|3|0|0|0|0|4|0|4|0|0|0|0|2|0|0|0|0|0|0|0|0|2|0|0|0|0|1|1|0.0
38|1.1460467493811723|0.007247751702484484|7|2|22|6|2|0|3|9|2|21|8|1|1|3|-2|1|1|-1|1|-1|1|2|0|-1|1|-1|1|0|3|3|-0.875
45|1.0498364597137617|-0.0011326468116763522|9|1|22|7|0|0|2|6|0|21|8|3|0|2|0|0|-2|-1|0|0|0|0|0|1|-1|0|0|0|3|3|-0.875
47|1.0565288138189868|-0.010233529917219153|6|3|22|5|2|0|7|7|0|22|6|1|0|2|-1|0|0|0|0|0|0|0|0|-1|0|0|0|0|3|3|-0.875
1|0.0|NaN|0|0|0|0|0|0|0|1|0|3|0|0|0|0|0|0|0|0|0|0|0|1|0|3|0|0|0|0|0|1|0.0
49|1.0542215152957628|-0.021962948235328295|3|0|16|5|4|0|0|4|1|25|8|1|0|6|0|-1|-2|1|-1|0|0|0|0|-1|0|0|0|0|3|3|-0.875
24|1.3430560613347442|0.028562779941967875|13|1|19|3|0|1|2|10|3|18|3|0|0|1|5|-2|-1|2|0|1|1|-3|2|-1|0|0|-1|-1|2|2|-0.875
16|1.8067663718035505|-0.06522261647049055|18|2|5|1|0|4|0|12|0|12|3|0|0|0|6|2|-6|-1|0|4|0|-7|-2|8|2|0|-4|0|2|2|-0.25
37|1.1436137432158042|-0.003989270644883636|7|2|24|1|0|2|2|12|5|22|4|3|0|7|0|0|-2|-1|0|0|-2|-1|0|1|0|1|0|0|3|3|-0.875
62|1.0066808639092435|-1.0952235916783515E-4|1|0|3|2|1|0|0|0|0|2|0|0|0|0|1|0|-3|2|1|0|0|-1|0|-5|-2|-1|0|0|3|3|-0.875
40|1.0724873734152918|-0.00185865060039192|8|1|24|7|0|1|0|13|1|25|2|3|0|3|-6|-1|1|6|-2|1|-3|5|0|1|-6|3|-1|3|2|3|0.625
45|1.0720586819359839|-0.001637697316726916|3|1|20|3|2|0|0|4|1|27|6|2|0|1|0|0|-2|-1|0|0|0|0|-1|-3|-1|0|0|-1|3|4|1.0
31|1.2569029044792788|0.005243688596460405|8|3|20|5|0|0|2|11|3|19|4|0|0|2|-1|0|1|0|0|0|0|-2|1|1|1|0|0|0|3|3|-0.875
37|1.1053917550435586|0.008578383536931522|11|1|25|1|0|3|1|9|5|20|5|1|1|6|0|0|-1|0|0|0|0|-1|2|-1|0|0|0|1|3|3|-0.5
32|1.2176246887143014|-0.007020151248848361|10|2|23|4|0|1|1|12|3|22|2|1|1|1|-1|-1|0|1|0|0|0|2|1|-2|-2|1|0|0|2|3|-0.625
14|1.9075343876452455|-0.31306246521643266|13|1|5|3|0|0|1|14|2|8|0|0|0|0|-1|-1|0|3|0|0|1|0|1|3|-3|0|0|-1|2|2|-0.375
62|1.0066808639092435|-1.0952235916783515E-4|0|0|4|0|0|0|0|0|0|6|1|0|0|0|0|0|-4|-2|0|0|0|0|0|-2|1|-1|0|-1|3|3|0.0
2|5.385164807134504|5.385164807134504|1|0|3|0|0|0|0|4|0|0|0|0|0|0|1|0|3|0|0|0|0|3|0|-3|0|0|0|0|1|1|0.0
48|1.0345177968644246|-7.344212098814307E-4|9|1|14|6|0|1|5|8|1|25|5|1|1|5|-1|1|-13|1|0|-1|2|-1|0|10|-1|1|0|0|3|3|-0.875
39|1.1571535949869733|-0.01503597782526489|7|0|20|3|4|0|1|8|3|13|9|1|0|3|-1|-1|1|1|0|0|-1|-1|1|-2|2|0|0|2|3|3|-0.875
16|1.6852522967397652|-0.06142135161597029|8|1|18|0|0|1|1|17|2|9|0|0|2|0|-6|-1|10|0|0|-1|1|9|1|-10|0|0|1|-1|2|2|-0.5
41|1.1740381198563767|0.006004386062917977|5|1|27|4|2|0|3|3|1|21|7|3|1|4|-1|0|1|0|0|0|0|-2|0|0|-1|0|0|0|3|4|1.0
50|1.0697056274847712|-0.0014225638262199691|4|2|17|6|2|0|5|2|1|18|5|4|0|4|2|1|-4|3|-2|0|3|-2|-1|1|-1|1|0|-1|3|4|1.0
16|1.5191959868353293|0.08728207586072423|9|0|14|2|0|1|0|6|2|14|3|0|0|0|4|-2|3|-1|0|1|0|-3|2|0|1|0|-1|0|2|2|0.0
10|1.823606797749979|0.130710355805558|8|0|6|2|0|0|0|9|0|9|0|0|0|0|0|0|0|2|0|0|0|1|0|3|-2|0|0|0|2|1|-0.125
16|1.801743682619119|-0.08062563569151449|12|3|13|0|0|1|2|15|0|12|1|0|3|0|-1|3|3|-1|0|-2|2|2|-3|-1|1|0|2|-2|2|2|-0.5
50|1.1909955295296908|0.004555470058028588|1|3|18|5|4|0|3|3|0|25|5|4|1|6|-2|3|-8|-2|1|-1|-2|1|-3|8|0|0|1|3|3|3|-0.875
56|1.036983353783312|-6.724246142419954E-4|2|1|8|5|2|0|2|4|0|10|7|4|0|5|-1|1|-5|-2|-2|0|-2|2|-1|-1|2|2|0|3|3|3|-0.875
30|1.143790283299492|0.029524472989672423|10|1|21|3|0|0|1|14|2|15|6|0|0|1|-1|-1|5|-2|0|0|1|4|1|-6|3|0|0|0|3|2|-0.75
58|1.0458078318877997|0.006463258429566743|1|0|5|1|4|0|2|2|0|14|4|2|0|3|-1|0|-12|-5|0|0|-4|1|0|9|2|-2|0|1|3|4|1.0
8|3.168706467524366|-0.15094620431273897|9|0|7|0|0|0|0|12|0|3|0|0|0|0|-2|0|6|0|0|0|0|3|0|-4|0|0|0|0|1|1|0.0
39|1.3172213049131085|0.024180175594386233|5|4|16|6|3|0|6|2|4|24|8|1|0|3|0|0|0|0|0|0|0|-1|-1|3|0|0|0|-1|3|4|1.0
28|1.2612038749637418|-0.025015460642104914|14|0|23|4|0|1|1|13|3|21|5|0|2|3|1|-3|5|-1|0|-1|-2|-2|3|-2|1|0|1|2|3|2|-0.5
23|1.4219774533492797|-0.01918079333405842|11|2|17|2|0|0|0|8|1|25|1|0|2|0|-1|0|0|0|0|-1|0|0|0|-1|0|0|0|0|2|2|-0.125
26|1.35359558872069|-0.03071236604375116|13|3|22|1|0|0|2|10|0|23|2|1|2|0|4|3|1|-2|0|-2|2|-4|-3|1|1|1|2|-2|2|3|-0.75
36|1.2555571671210397|0.00453303986434439|10|0|22|7|0|0|2|8|1|27|8|1|0|4|3|-1|-3|-1|-1|0|-2|-3|1|6|1|1|0|2|3|3|-0.875
20|1.3392922226992172|-0.039658199214332335|10|2|9|5|0|0|1|15|0|17|0|0|2|0|-4|2|-6|5|0|-2|1|4|-2|9|-5|0|2|-1|3|2|-0.5
13|2.3448158136731716|-0.21507364926441364|10|4|4|1|0|1|0|13|2|9|0|0|1|0|-1|0|1|0|0|0|0|0|0|4|0|0|0|0|2|2|-0.125
38|1.2169115970294548|-0.005862475595390659|12|3|21|7|0|0|2|4|0|23|8|0|0|1|8|3|-1|-2|0|0|0|-8|-4|0|2|0|0|-2|3|4|1.0
4|2.2071067811865475|-1.4231215098283663|4|0|4|0|0|0|0|0|0|5|0|0|0|0|4|0|2|0|0|0|0|-4|0|1|0|0|0|0|1|1|-0.125
2|2.0|2.0|4|0|0|0|0|0|0|1|0|3|0|0|0|0|4|0|0|0|0|0|0|-3|0|3|0|0|0|0|1|1|0.0
25|1.2451596081796785|0.007043914758058989|11|1|11|6|1|0|2|18|1|19|2|0|1|1|0|0|-1|0|0|0|0|1|1|0|0|0|0|0|3|4|1.0
59|1.0549600116460895|-9.475864076911034E-4|1|0|6|6|0|0|6|1|0|4|6|2|0|3|0|0|-4|0|0|0|0|0|0|-3|0|-1|0|0|3|4|1.0
6|5.154995234739681|-0.5930489821292673|6|0|6|0|0|0|0|4|1|6|0|0|0|0|6|-1|0|0|0|0|0|-2|1|0|0|0|0|0|1|2|0.0
39|1.0937654935767278|-0.044198735031674374|11|0|23|6|1|1|0|10|1|16|8|1|1|2|-2|0|2|0|0|0|0|-2|0|1|2|0|0|0|3|3|-0.75
53|1.0468921014007277|-9.017711807832729E-4|0|1|15|7|3|0|4|3|0|22|7|3|0|2|0|0|-1|-1|0|0|0|-1|0|-1|0|1|-1|1|3|3|-0.875
59|1.0309902902499353|-5.34315349136838E-4|0|0|11|1|0|0|2|0|0|12|5|2|0|7|-1|0|1|-1|0|0|0|0|0|0|-3|1|0|0|3|4|1.0
10|1.9625118400082529|-0.24428664638978237|11|0|6|1|0|1|0|13|0|5|0|0|0|0|1|0|2|1|0|1|0|1|0|0|-1|0|-1|0|2|1|-0.125
45|1.0866554430358148|-0.0019694418871776254|7|1|20|6|1|0|3|7|1|16|11|1|0|4|-1|0|0|-1|0|0|0|-1|0|-2|0|1|0|0|3|3|-0.875
55|1.0558375965793723|-0.0010340295662847332|0|1|15|4|3|0|0|1|0|14|5|4|0|3|0|0|-1|-1|0|0|0|0|0|-2|1|0|0|1|3|3|-0.875
27|1.3567293003593344|-0.1065747254897087|19|0|19|3|0|1|1|18|0|10|4|0|2|1|-1|0|1|0|0|0|0|3|0|1|0|0|0|0|3|3|-0.875
60|1.0069035593728848|-1.1700948089643504E-4|1|0|8|6|1|0|3|0|0|8|7|0|0|2|1|0|-1|-3|1|0|1|-1|0|0|-1|-1|0|-1|3|3|-0.875
60|1.0304737854124366|-0.007537073691280094|0|1|6|2|3|0|4|0|0|5|3|3|0|2|0|1|0|-1|0|0|2|-2|-1|0|1|-1|-1|-2|3|3|-0.875
41|1.0546985533443727|-0.001367463833609417|8|1|24|6|2|0|5|7|4|23|6|1|0|5|0|0|-2|0|0|0|0|-1|1|1|1|0|0|1|3|3|-0.875
32|1.2801246887143014|0.023221784235022636|11|1|21|6|1|1|2|12|3|19|6|0|2|1|0|-2|4|0|1|-1|2|1|2|-2|0|-1|1|-1|3|3|-0.875
56|1.0874909810109223|-0.009121900788800374|0|0|10|3|1|0|0|0|0|14|5|3|0|2|0|-1|-4|-2|-1|0|-2|0|0|1|-1|1|0|-2|3|3|-0.875
56|1.08009431025426|0.00607489549306961|0|1|14|6|2|0|4|0|1|16|6|3|0|2|-1|0|-3|-2|0|0|1|0|0|1|-1|1|0|-3|3|4|1.0
54|1.0536943506779937|-0.019881025484490333|0|0|17|7|2|0|4|2|0|16|4|4|0|2|-2|0|-1|4|-2|0|2|1|0|-1|-4|1|0|-4|3|3|-0.875
63|1.0197244553510998|0.0063627275326128|0|0|1|1|0|0|1|0|0|2|1|0|0|0|0|0|-3|-1|0|0|-1|0|0|-1|-1|-2|0|-3|3|4|1.0
2|1.0|1.0|0|0|4|0|0|0|0|0|0|4|0|0|0|0|0|0|4|0|0|0|0|-1|0|1|0|0|0|0|1|1|0.0
35|1.3250915314637353|-0.021744267465789502|13|0|25|3|3|1|0|6|5|21|2|2|1|2|-1|0|0|0|0|0|0|0|0|-1|0|1|0|2|3|3|-0.875
4|2.487883187590963|-2.2045045277692448|7|0|1|0|0|0|0|7|0|1|0|0|0|0|3|0|1|0|0|0|0|-1|0|1|0|0|0|0|1|1|0.0
49|1.0711281913109911|-0.0014818373189791068|1|0|18|4|1|0|1|2|2|25|10|0|0|5|0|0|-1|0|-1|0|0|0|0|-2|1|-1|0|0|3|4|1.0
21|1.44288395617837|0.027855802191081303|14|1|13|2|0|1|0|16|0|16|3|0|1|0|0|0|0|0|0|0|0|1|0|3|0|0|0|0|3|2|-0.5
60|1.0138071187457698|-2.3401896179264803E-4|0|0|14|3|1|0|1|0|0|4|3|0|0|1|0|0|8|-2|1|0|-1|-1|0|-10|-2|-1|0|-1|3|4|1.0
10|1.732455532033676|0.25194938532959155|9|0|6|0|0|0|0|8|0|11|0|0|0|0|2|0|-2|0|0|0|0|-1|0|5|0|0|0|0|2|1|0.0
47|1.0653418683375633|-0.001420475398642651|7|0|26|5|2|0|3|5|3|16|7|2|0|3|0|-1|-2|1|0|0|0|0|0|-3|0|0|0|0|3|3|-0.875
24|1.542192384016613|0.030168504064486568|12|6|14|2|1|0|3|17|2|18|1|0|1|1|-5|4|-1|1|1|-1|2|5|-4|4|-1|-1|1|-2|3|2|-0.75
5|2.468332040142414|-2.0457771705653194|4|1|2|0|0|0|0|7|0|4|0|0|0|0|-2|0|2|0|0|0|0|2|0|2|0|0|0|0|2|1|0.0
41|1.0707193886978454|-0.0017679847174461027|4|2|25|7|0|1|1|9|2|14|5|1|1|1|0|0|-1|0|0|0|0|1|0|0|0|0|0|0|3|3|-0.875
20|1.2828427124746191|-0.036687172360406084|11|3|14|1|0|0|1|10|1|19|1|0|0|0|0|3|-2|0|0|0|1|-4|-2|8|0|0|-1|-1|3|2|-0.625
11|2.1396052610240672|0.14659460144399206|5|1|11|1|0|0|0|9|0|14|0|0|0|0|0|0|0|0|0|0|0|1|0|3|0|0|0|0|2|1|-0.125
36|1.3357335426036139|-0.021427060142191534|6|2|17|8|3|0|3|8|5|20|5|2|0|4|-3|-3|-3|4|1|0|1|-1|3|6|-3|-1|-1|1|3|3|-0.875
57|1.077442343199528|-0.0013828989857058716|0|1|16|5|1|0|4|0|0|16|5|3|0|4|0|0|-2|0|0|0|0|0|0|-2|0|-1|0|0|3|4|1.0
39|1.1785638471501958|-0.015599405513770703|6|2|25|5|1|1|2|11|1|21|9|1|1|2|-2|0|2|0|0|0|0|0|0|1|0|0|0|0|3|3|-0.5
39|1.1574906570187424|-0.015044847878732392|11|2|20|8|2|1|7|7|1|18|5|2|0|3|-1|0|1|0|1|0|0|0|0|0|1|0|0|0|3|3|-0.875
23|1.2593039147329415|-0.011786541578769905|9|0|22|0|0|1|0|10|0|23|4|0|1|1|0|0|-1|0|0|0|0|-1|0|3|1|0|0|0|2|2|0.0
6|3.629716426397337|0.07405671472053266|3|0|8|0|0|1|0|9|0|2|0|0|0|0|-5|0|8|0|0|1|0|6|0|-6|0|0|-1|0|1|1|0.0
30|1.2242640687119286|-0.007733243748687224|14|3|22|3|1|1|0|10|1|21|6|0|0|2|4|2|0|-2|1|1|-1|-4|-3|-1|4|-1|-1|2|3|2|-0.625
59|1.047939442792308|-8.265421171089748E-4|0|0|9|5|2|0|5|0|0|9|5|0|0|1|0|0|-1|-1|0|0|0|0|0|0|-2|0|0|1|3|3|-0.875
34|1.1510459680621017|-0.017129076679854416|9|2|15|5|1|0|1|14|3|18|4|0|2|2|-5|-1|-2|1|1|-2|-1|4|1|4|-1|-1|2|1|3|3|-0.875
47|1.105756654222918|0.00670558495978657|3|2|25|8|4|0|3|7|3|16|5|2|0|4|0|-1|-2|1|0|0|-1|1|0|0|0|0|0|-1|3|4|1.0
11|1.9158136586578471|-0.580285130677572|11|0|6|1|0|1|0|13|0|6|2|0|1|0|0|0|-1|0|0|0|0|3|0|1|0|0|0|0|2|2|0.0
22|1.2522625671129342|0.007711952155245783|12|2|19|1|0|1|0|6|2|19|1|0|1|0|5|0|1|1|0|0|0|-7|0|1|0|0|0|0|2|3|0.25
2|4.47213595499958|4.47213595499958|1|0|3|0|0|0|0|4|0|0|0|0|0|0|1|0|3|0|0|0|0|3|0|-3|0|0|0|0|1|1|0.0
2|5.385164807134504|5.385164807134504|1|0|3|0|0|0|0|4|0|0|0|0|0|0|1|0|3|0|0|0|0|3|0|-3|0|0|0|0|1|1|0.0
59|1.0140411377075624|-2.4208858116492316E-4|0|0|13|5|0|0|0|1|0|8|4|2|0|1|0|-1|-1|1|0|0|0|0|-1|0|0|1|0|0|3|3|1.0
25|1.3860112615949154|-0.008661069863400428|15|2|17|3|1|1|1|14|2|18|2|0|0|1|0|0|-1|0|0|0|0|-1|2|1|0|0|0|0|3|2|-0.75
30|1.2987996679619216|-0.024586663115000462|16|1|16|2|0|1|0|11|2|22|3|0|1|0|4|-1|-4|0|0|0|0|-6|0|7|2|0|0|-1|2|3|-0.25
16|1.206695986835329|-0.041393969947228326|13|1|9|1|0|1|1|11|2|12|1|0|0|1|3|0|-2|0|0|1|1|-3|1|4|0|0|-1|0|2|3|-0.5
26|1.2357303924804601|-0.009429215699218396|11|1|19|2|0|2|0|14|1|13|2|0|1|0|-5|0|7|1|0|1|-1|0|-1|-3|1|0|-1|-1|3|4|1.0
2|2.0|2.0|4|0|0|0|0|0|0|4|0|0|0|0|0|0|4|0|0|0|0|0|0|0|0|0|0|0|0|0|1|1|0.0
54|1.061243255358616|-0.0011555331199739616|2|1|21|1|0|0|3|0|0|13|7|2|0|3|2|1|8|-7|-3|0|-1|-3|-1|-8|4|2|0|-1|3|4|1.0
59|1.0659817326608843|-0.0011376160803600044|1|0|5|0|2|0|0|0|0|13|3|6|0|4|0|0|-1|-1|0|0|0|-2|0|-2|0|2|0|1|3|3|-0.875
56|1.0757614408414156|-0.0013774807425712687|0|1|19|3|0|0|3|0|0|9|1|4|0|0|0|0|6|2|-4|0|2|-1|-1|-11|-2|4|0|-3|3|4|1.0
35|1.1232488142567076|-0.015807716959699958|11|0|21|3|1|0|0|12|0|24|6|1|0|1|-2|0|1|0|0|0|0|1|-1|1|0|0|0|0|3|3|-0.875
56|1.0295866830266494|-5.379396913938184E-4|2|0|13|7|5|0|5|1|0|18|2|2|0|2|2|0|-5|4|2|0|3|-2|-1|4|-4|-3|0|-3|3|4|1.0
15|1.5861611442402561|-0.19171026444018957|4|1|15|0|0|1|0|17|1|9|0|0|1|1|0|0|-1|0|0|0|0|3|0|1|0|0|0|0|2|3|0.375
4|3.118033988749895|-1.3436876136282736|5|0|2|0|0|0|0|8|0|0|0|0|0|0|1|0|2|0|0|0|0|3|0|-2|0|0|0|0|1|1|0.0
62|1.0|-0.00679038626841133|0|1|4|3|0|0|1|0|0|3|3|0|0|1|0|1|0|0|-1|0|1|0|-1|-4|-2|0|0|-1|3|4|1.0
62|1.013361727818487|-0.007009430986747223|0|0|6|2|0|0|0|0|0|4|1|2|0|1|0|0|1|0|-4|0|-2|0|0|-5|-2|2|0|0|3|4|1.0
42|1.1404641651574206|-0.013528725061719982|13|0|19|10|1|0|6|4|1|20|6|1|0|5|9|-2|-1|4|0|0|3|-11|0|3|-4|0|0|-2|3|3|-0.875
12|1.481058252895446|-0.043732568445040476|12|0|7|1|0|1|0|13|0|6|1|0|2|0|2|0|2|0|0|0|0|1|0|-2|0|0|1|0|2|2|-0.125
24|1.3830618877807475|-0.01665486468611954|10|1|15|5|0|0|1|18|3|12|2|1|2|2|-9|-2|4|3|0|-2|-1|8|2|-7|-3|1|2|1|2|3|-0.375
36|1.181938235457904|-0.005198235298797371|11|5|24|4|1|0|3|9|2|17|4|3|0|2|3|2|7|1|-1|0|1|-2|-3|-8|-1|2|0|-1|3|3|-0.875
49|1.0373148392805345|-7.773924850111857E-4|3|2|17|5|4|0|3|3|0|21|6|3|0|2|0|-2|0|2|0|0|0|-1|0|1|0|0|0|0|3|3|-0.875
50|1.0697056274847714|-0.001422563826219747|3|1|16|9|1|0|2|3|5|15|5|2|1|6|-1|-3|1|3|-2|-1|-3|-1|3|0|-3|1|0|3|3|4|1.0
27|1.2555368495041361|-0.04828987882708202|13|3|24|2|0|0|2|13|0|20|4|1|0|0|-2|0|2|0|0|-1|0|-1|0|2|1|0|0|0|2|3|-0.5
51|1.0243655036690054|-4.873100733802094E-4|3|2|15|3|3|0|1|0|1|18|10|1|0|2|-1|0|-1|0|0|0|0|0|0|-1|0|0|0|0|3|3|-0.875
45|1.0996729194275237|-0.0022652936233529264|3|2|19|4|2|0|1|5|2|26|6|0|0|3|0|0|-2|0|-1|0|-1|0|-1|0|1|0|0|0|3|3|-0.875
47|1.0565288138189868|0.007775755403350182|3|0|24|9|1|0|3|5|2|27|4|1|0|1|0|0|-2|0|0|0|0|0|1|-1|-1|0|0|0|3|4|1.0
41|1.1597506457679156|0.006361572915129621|5|2|18|5|5|0|3|9|1|23|5|1|0|2|-1|0|0|0|0|0|0|0|1|-1|1|0|0|0|3|3|-0.875
17|1.516041119690903|-0.05814091762899998|9|1|12|3|0|0|0|14|0|7|3|1|1|1|-1|0|1|0|0|-1|0|2|0|0|1|0|1|0|2|3|0.25
52|1.0748638889806186|-0.022340372376991935|0|1|16|5|3|0|3|3|1|19|8|1|0|2|-3|0|-4|-3|2|0|1|2|0|4|0|-2|0|-3|3|3|-0.875
2|4.123105625617661|4.123105625617661|4|0|0|0|0|0|0|4|0|0|0|0|0|0|4|0|0|0|0|0|0|0|0|0|0|0|0|0|1|1|0.0
49|1.0422666900380708|-8.805560424598458E-4|4|1|16|6|2|0|2|6|0|16|5|4|1|2|0|0|-1|0|0|0|0|0|0|-1|1|1|1|0|3|3|-0.875
50|1.1014213562373092|0.006383514410934321|2|0|22|10|1|0|4|1|1|19|6|3|0|2|0|-1|3|2|-2|0|-1|-1|1|-3|-5|2|0|-2|3|4|1.0
13|1.8874331582496586|-0.15728609652080494|12|1|7|1|0|0|0|18|0|4|2|0|2|0|-1|0|1|0|0|0|0|2|0|0|1|0|1|0|2|2|-0.125
9|2.2008026051213503|-0.4449523181208841|3|1|10|0|0|0|0|4|1|11|0|0|0|0|0|0|0|0|0|0|0|1|0|3|0|0|0|0|2|2|0.0
34|1.4590499667385597|0.016392425250346676|11|1|21|3|2|1|0|8|1|18|11|2|0|4|1|0|3|-5|0|1|-3|-3|0|-3|8|0|-1|4|3|3|-0.875
47|1.0601793005265145|-0.001308245663619978|2|2|27|6|2|0|8|8|0|18|7|4|0|4|0|0|-2|0|0|0|0|0|0|-3|0|0|0|0|3|3|-0.875
26|1.251661683340964|0.039376251766353176|12|2|23|2|0|1|0|13|2|17|3|0|0|1|-2|0|8|0|0|1|-1|1|0|-6|1|0|-1|1|3|2|-0.125
44|1.0658976121957195|-0.011165376152763251|3|2|14|9|2|0|3|4|1|17|7|1|0|1|-1|1|-3|2|2|0|3|1|-1|2|-4|-1|0|-3|3|3|-0.875
2|4.242640687119285|4.242640687119285|1|0|3|0|0|0|0|4|0|0|0|0|0|0|1|0|3|0|0|0|0|3|0|-3|0|0|0|0|1|1|0.0
5|2.260112615949154|-0.15410094642394112|2|0|5|0|0|0|0|9|0|3|0|0|0|0|0|0|0|0|0|0|0|4|0|0|0|0|0|0|1|1|0.0
60|1.0069035593728848|-1.1700948089643504E-4|0|1|6|4|2|0|2|0|0|8|4|0|0|0|-1|1|-5|1|2|0|2|0|-1|-1|0|-2|0|-2|3|3|-0.875
32|1.2357251177145328|0.024654028460820987|10|0|18|8|1|0|0|8|3|22|6|0|0|4|2|-3|-4|3|1|0|-4|-2|3|4|-2|-1|0|4|3|3|-0.75
43|1.0810530552148505|-0.04530732072241772|4|3|23|5|0|0|1|7|2|26|10|0|0|6|0|0|-3|0|0|0|0|1|0|0|0|0|0|1|3|3|-0.875
26|1.1497277779612374|0.043453607981541964|7|1|22|5|0|0|0|13|1|18|4|0|0|2|-3|0|4|1|-1|0|-1|6|0|-4|-1|0|0|2|3|4|1.0
47|1.1305438917896053|0.0240331322980476|5|0|15|7|2|1|4|4|1|18|10|3|1|2|0|0|0|0|0|0|0|-2|1|0|1|0|0|0|3|3|-0.875
28|1.3704153889861161|0.023317948556069723|7|4|15|6|1|0|3|9|3|21|5|0|1|0|-3|3|-7|2|1|-1|3|2|-1|6|-1|-1|1|-3|3|2|-0.625
41|1.0808221585118236|-0.002020553962795546|5|2|28|6|2|0|2|11|2|22|6|3|2|8|0|-2|0|2|0|0|0|0|-1|2|0|1|0|1|3|3|-0.875
61|1.0299742151597735|-4.995702526628953E-4|0|0|4|2|1|0|1|0|0|4|5|2|0|3|0|0|-3|0|0|0|0|0|0|-3|-1|-1|0|-2|3|4|1.0
32|1.2875018130111697|0.004087475785868433|12|1|22|4|1|0|2|16|1|14|8|0|2|2|-4|0|5|-2|1|-2|1|2|0|-7|4|-1|2|0|3|2|-0.875
38|1.1785748540522194|-0.03185337443384384|7|4|31|5|1|0|1|8|1|24|4|2|0|1|-2|3|8|2|-1|-1|1|1|-3|-8|-1|1|0|0|3|3|-0.875
34|1.2220522493083692|0.005823070092870752|9|1|28|3|2|1|5|9|3|23|7|1|2|3|1|-2|6|-3|1|-1|3|-1|2|-5|4|-1|1|-2|3|3|-0.875
13|2.0006743855573186|0.08327713453689012|12|1|8|1|0|0|0|15|0|9|1|0|1|0|0|0|0|0|0|0|0|4|0|0|0|0|0|0|2|2|-0.125
15|1.149071198499986|-0.010647942749999029|12|3|7|0|0|3|1|13|1|10|1|0|2|0|0|0|-1|0|0|0|0|0|0|1|1|0|0|0|2|2|-0.375
22|1.6118235561112826|0.05793350326832902|19|2|9|5|0|2|0|12|1|17|2|1|2|1|7|1|-7|2|0|0|0|-7|-1|8|-3|1|0|1|2|3|-0.125
55|1.0075311556795108|-1.3946584591684186E-4|3|0|12|3|2|0|1|1|1|17|4|3|0|1|0|-2|0|1|0|0|0|-1|0|-1|-1|1|0|0|3|3|-0.875
12|1.579294395863654|0.2312555663412732|13|0|10|0|0|2|0|11|0|10|1|0|0|0|3|0|3|-1|0|2|0|-2|0|0|1|0|-2|0|1|2|-0.125
2|4.242640687119285|4.242640687119285|4|0|0|0|0|0|0|1|0|3|0|0|0|0|4|0|0|0|0|0|0|-3|0|3|0|0|0|0|1|1|0.0
45|1.158568064758032|-0.013017764252980069|7|1|23|3|1|0|1|2|4|30|5|3|0|6|-1|0|-2|-1|0|0|0|0|0|1|0|0|0|1|3|3|-0.875
55|1.0075311556795108|-1.3946584591684186E-4|2|1|15|3|0|0|1|0|0|13|6|3|0|2|0|0|-1|-1|0|0|0|0|0|-3|1|-2|0|0|3|4|1.0
57|1.0496215285043191|-8.86098723291262E-4|0|0|13|4|3|0|3|1|1|14|4|1|0|1|-1|0|-2|0|0|0|0|0|0|-4|0|0|0|0|3|3|-0.875
39|1.1917617606312585|-0.0050463621218750365|10|0|31|5|1|1|2|6|3|18|5|2|0|6|0|0|-1|0|0|0|0|0|0|1|0|0|0|1|3|3|-0.875
27|1.4605972590317489|-0.04024552679456361|14|4|11|4|0|1|1|8|3|18|6|0|1|1|-1|-1|0|1|0|0|-1|0|-1|0|1|0|0|0|2|3|-0.375
7|2.247791639993707|0.2262932725783804|9|1|1|0|0|0|0|4|1|9|0|0|0|0|0|0|0|0|0|0|0|1|0|2|0|0|0|0|2|2|-0.125
20|1.0828427124746192|-0.026160856570932367|13|0|18|0|0|0|1|9|2|14|1|0|1|0|5|-2|5|0|0|-1|1|-4|2|-6|1|0|1|-1|3|2|-0.5
12|2.1524667943677014|-0.013860617669791075|13|0|9|0|0|1|0|10|1|8|2|0|0|0|5|-1|-1|0|0|1|0|-3|1|-1|2|0|-1|0|2|2|-0.125
44|1.0564836675963312|0.008319299878529529|4|0|22|6|2|0|2|10|3|22|6|2|0|4|-6|-3|-3|0|1|0|-2|5|3|0|0|0|0|2|3|3|-0.875
61|1.0135807725368229|-0.007129905581831908|0|0|4|2|1|0|3|0|0|7|1|0|0|0|0|0|-4|-1|0|0|-1|0|0|0|-1|0|0|-1|3|4|1.0
1|0.0|NaN|0|0|0|0|0|0|0|1|0|3|0|0|0|0|0|0|0|0|0|0|0|1|0|3|0|0|0|0|0|1|0.0
3|2.04103520853922|-2.0820704170784405|3|0|1|0|0|0|0|4|0|4|0|0|0|0|-1|0|1|0|0|0|0|3|0|1|0|0|0|0|1|1|0.0
3|4.692387715360208|0.569282089742547|1|0|3|0|0|0|0|5|0|3|0|0|0|0|0|0|0|0|0|0|0|1|0|3|0|0|0|0|1|1|0.125
14|1.9725587989283644|-0.04294963358117454|8|3|12|0|0|0|0|10|1|12|1|0|0|0|0|2|0|0|0|0|0|2|-2|-1|1|0|0|0|2|2|-0.25
45|1.1049188744830745|0.02570793415947059|7|1|21|5|3|1|5|3|1|27|8|3|0|5|0|0|0|0|0|0|0|-1|0|1|0|0|0|0|3|3|-0.875
50|1.0662741699796952|-0.009805872088832324|1|2|17|8|2|0|7|2|0|18|8|5|0|6|-1|1|0|-1|-2|0|1|0|-3|2|1|3|0|-2|3|3|-0.875
21|1.4347138192615219|-0.12173569096307602|8|1|19|1|0|1|2|14|2|19|0|1|0|0|-1|0|0|0|0|0|0|0|0|3|0|0|0|0|2|3|-0.75
46|1.1603957304615375|-0.012769095396325092|10|0|17|6|2|1|1|7|3|21|5|1|0|6|4|-3|-6|2|1|1|-3|-3|3|4|-1|0|-1|5|3|3|-0.875
39|1.2208787584289877|-0.027613312715136118|9|3|24|3|1|1|0|9|3|15|5|2|1|3|-1|0|0|0|0|0|0|1|0|0|0|0|0|2|3|3|-0.875
44|1.1126685756645032|-0.012253072977618462|8|0|22|6|1|0|4|5|1|27|4|3|0|4|3|-1|-4|1|-1|0|0|-5|1|7|-2|2|0|0|3|3|-0.875
52|1.0238969362907555|-4.6856737825029526E-4|2|1|21|9|3|0|5|5|0|16|4|2|0|1|-4|1|2|5|1|0|3|3|-2|-6|-4|0|0|-4|3|4|1.0
30|1.378525432230211|-0.03547610248631328|11|3|17|5|2|0|1|13|4|13|4|2|0|3|-1|0|5|1|0|0|0|2|0|-4|0|0|0|2|3|3|-0.875
9|1.9705046088839946|-0.1427596855172253|6|3|3|0|0|0|0|8|1|5|2|0|0|1|0|0|0|0|0|0|0|1|0|-1|2|0|0|0|2|2|-0.125
47|1.0954315186008206|-0.016211153445080617|3|1|21|7|4|0|2|2|0|18|6|4|0|4|0|-1|-2|1|1|0|-1|-1|0|0|2|0|0|1|3|3|-0.875
36|1.2325453025447568|-0.03521558007270742|12|0|19|5|3|1|4|18|1|15|7|1|2|4|-3|-1|3|-2|2|-1|0|5|1|-3|2|-2|1|0|3|3|-0.875
38|1.1133456786675069|-0.04766560050109181|4|3|32|4|0|0|2|9|0|23|6|1|2|3|-5|3|11|-2|-1|-2|0|4|-3|-9|1|1|2|1|3|3|-0.875
23|1.40746221267875|-0.03734889886599291|13|5|13|2|0|2|1|12|1|21|3|0|1|0|-1|0|1|0|0|0|0|-1|1|2|0|0|0|0|2|2|-0.375
4|3.0501982140203077|-0.7278711781615721|5|0|3|0|0|0|0|8|0|0|0|0|1|0|1|0|3|0|0|0|0|3|0|-3|0|0|1|0|1|1|0.0
46|1.0180092853205693|-4.00206340457121E-4|7|1|22|7|0|1|3|5|0|20|11|1|1|4|3|1|3|-4|-1|0|-1|-3|-1|-3|4|1|0|1|3|3|-0.875
6|3.4626064334870414|0.3272826160211486|2|0|9|0|0|0|0|1|0|10|0|0|0|0|2|0|2|0|0|0|0|-1|0|1|0|0|0|0|1|1|0.0
60|1.047140452079103|-7.989907132051055E-4|0|1|6|6|0|0|3|0|0|4|6|1|0|1|-1|1|1|0|-2|0|1|0|-1|-4|-2|1|0|-3|3|4|1.0
51|1.1121833206223206|0.022477693137549215|2|1|10|5|6|0|2|3|3|16|10|1|0|10|0|0|0|0|0|0|0|-1|0|2|1|0|0|0|3|3|-0.875
4|5.909571603672341|-0.2653654129652381|5|0|3|0|0|0|0|2|0|6|0|0|0|0|4|0|0|0|0|0|0|-3|0|3|0|0|0|0|1|1|-0.125
28|1.4127267566465727|-0.015286176172095267|11|3|13|2|2|0|0|9|5|15|3|0|0|0|0|-1|-1|-1|2|0|0|-2|2|2|0|-2|0|0|3|3|-0.875
33|1.1108137651361325|-0.06039588063321366|6|1|25|5|0|0|3|11|2|21|2|3|2|0|0|0|-3|0|0|0|0|0|0|2|1|0|0|0|3|3|-0.875
4|3.290569415042095|-1.9795138102601233|5|0|3|0|0|0|0|5|0|2|0|0|0|0|4|0|1|0|0|0|0|0|0|-1|0|0|0|0|1|1|0.0
26|1.2554225509533636|-0.05021690203813467|13|1|21|3|0|2|1|14|1|18|4|0|1|1|0|0|4|0|0|1|0|1|-1|-3|1|0|-1|0|2|2|-0.625
8|2.389961873675816|0.08714830376059757|9|0|7|0|0|0|0|10|0|2|0|1|1|0|1|0|4|0|0|-1|0|1|0|-5|0|1|1|0|1|3|0.25
62|1.058981520153103|-0.007757296434855565|0|0|4|2|0|0|1|0|0|6|1|0|0|1|0|0|-3|-1|0|0|-1|0|0|-2|-2|0|0|-1|3|4|1.0
51|1.0358515122499252|-7.170302449983623E-4|0|1|19|3|2|0|2|4|1|16|9|2|0|3|-2|0|1|0|0|0|0|0|0|0|0|0|0|0|3|3|-0.875
62|1.0133617278184868|-2.1904471833589234E-4|0|0|2|2|0|0|0|0|0|2|3|1|0|1|0|0|0|-2|-1|0|-1|0|0|-1|-1|1|0|0|3|3|1.0
1|0.0|NaN|0|0|0|0|0|0|0|4|0|0|0|0|0|0|0|0|0|0|0|0|0|4|0|0|0|0|0|0|0|1|0.0
6|3.506555327075937|0.19311612558472824|5|0|5|0|0|0|0|8|0|3|0|0|0|0|-3|0|5|0|0|0|0|3|0|-2|0|0|0|0|1|1|0.0
62|1.0066808639092435|-1.0952235916783515E-4|0|0|5|1|2|0|1|0|0|6|0|2|0|1|0|0|-3|1|0|0|0|0|0|-2|-3|0|0|-1|3|3|-0.875
11|1.7219590367757476|-0.11295998895293491|10|1|6|0|0|0|0|12|1|8|0|0|0|0|0|0|-1|0|0|0|0|1|1|1|0|0|0|0|2|2|-0.125
14|1.8402431299757087|-0.14155716384428518|7|1|14|0|0|0|1|11|2|8|1|0|0|0|-4|-1|9|-1|0|0|1|2|1|-4|1|0|0|-1|2|2|-0.5
7|2.1294449078871085|-0.21528709467591467|3|1|7|0|0|0|0|12|0|4|0|0|0|0|0|0|0|0|0|0|0|4|0|0|0|0|0|0|2|1|-0.125
35|1.2728507564709872|0.021386742456735774|11|5|14|3|0|1|3|10|2|25|8|1|0|2|0|0|0|0|0|0|0|-1|0|1|2|0|-1|1|3|3|-0.875
2|2.23606797749979|2.23606797749979|1|0|3|0|0|0|0|1|0|3|0|0|0|0|1|0|3|0|0|0|0|0|0|0|0|0|0|0|1|1|0.0
9|2.11550329729713|-0.6333362130276816|12|0|2|0|0|1|0|6|0|10|0|0|0|0|-1|0|1|0|0|0|0|1|0|2|0|0|0|0|1|1|-0.125
46|1.1512482028095248|0.02410710610422795|2|3|28|7|2|1|5|7|2|17|7|2|1|4|-6|1|11|0|1|0|2|5|-1|-11|0|0|0|-1|3|3|-0.875
1|0.0|NaN|0|0|0|0|0|0|0|4|0|0|0|0|0|0|0|0|0|0|0|0|0|4|0|0|0|0|0|0|0|1|0.0
32|1.313184763483879|-0.010102734305931671|11|4|22|5|0|1|8|8|2|22|9|1|0|1|2|2|2|-3|-1|1|7|-4|-2|0|4|1|-1|-7|3|3|-0.875
36|1.202975994149035|-0.03437074268997242|13|2|23|5|1|2|7|6|0|26|7|2|0|3|7|2|1|-2|-1|2|5|-9|-2|3|2|1|-2|-4|3|3|-0.875
44|1.147392758505422|-0.013060612113453773|4|1|19|9|2|1|4|4|3|29|7|0|0|10|-1|-2|-10|3|2|1|-5|-1|2|11|-2|-1|-1|6|3|3|-0.875
42|1.3523580138619504|-0.00859409789907195|10|2|13|8|1|1|3|4|0|20|10|3|1|4|7|2|-7|-1|-2|1|1|-6|-2|6|2|1|0|1|3|4|1.0
62|1.0334043195462173|-5.476117958396198E-4|0|0|1|0|0|0|0|0|0|2|3|0|0|1|0|0|-2|-4|-2|0|-1|-1|0|-1|3|0|0|1|3|4|1.0
20|1.3035533905932737|-0.06860807318911966|13|0|19|2|0|0|0|14|0|18|0|1|3|0|-1|0|5|2|-1|-3|0|0|0|0|-2|1|3|0|2|3|0.375
1|0.0|NaN|0|0|0|0|0|0|0|1|0|3|0|0|0|0|0|0|0|0|0|0|0|1|0|3|0|0|0|0|0|1|0.0
28|1.320142501387773|0.00348411336982668|15|1|18|3|0|1|0|14|3|21|3|0|2|1|2|-2|-1|0|0|-1|-1|-1|2|2|0|0|1|1|3|2|-0.125
21|1.2924826487490932|0.03537586756254529|13|1|16|2|0|0|1|15|1|17|0|0|1|0|0|0|0|0|0|0|0|1|0|3|0|0|0|0|2|2|-0.5
38|1.111648439134718|-0.014212486527238388|8|3|22|3|2|0|1|7|1|26|5|1|1|1|1|1|-2|-2|1|-1|0|-1|-2|3|1|0|1|0|3|3|-0.875
20|1.3116672736016928|0.03622803823148968|9|1|16|0|0|0|0|12|3|16|1|0|0|0|-2|-1|-1|0|0|0|0|3|2|0|1|0|0|0|3|2|-0.375
42|1.1027073452139227|-0.0025050572003395555|5|4|24|3|3|0|3|8|0|25|10|2|0|4|-4|4|1|-6|1|0|0|3|-4|-1|7|-1|0|1|3|3|-0.875
37|1.0988338986349293|-0.002745386073192524|7|1|26|3|1|1|1|7|1|17|8|0|0|2|-1|0|0|-1|0|0|0|-2|0|0|2|0|0|0|3|3|-0.875
25|1.099411254969543|-0.021401034055943402|12|2|19|0|0|2|0|14|1|23|0|1|2|0|-1|0|0|0|0|0|0|0|1|2|0|0|0|0|2|3|-0.125
43|1.187699251438732|-0.004469029796160484|3|0|22|9|1|0|2|5|2|24|7|2|0|5|0|0|-1|0|0|0|0|0|0|1|-2|0|0|0|3|3|-0.875
5|3.4|-0.10000000000000009|5|0|3|0|0|0|0|9|0|3|0|0|0|0|0|0|0|0|0|0|0|4|0|0|0|0|0|0|1|1|0.0
46|1.0487530584156366|-0.0010834012981253416|6|2|18|7|2|0|3|5|0|30|5|1|0|4|2|2|-11|1|1|0|-1|-1|-2|11|-3|-1|0|1|3|4|1.0
53|1.0423139752286656|-0.008779375723110716|3|0|15|9|1|0|5|2|1|18|7|1|0|3|0|0|-1|-1|0|0|0|-1|1|0|0|0|0|1|3|3|-0.875
52|1.0318625817210072|-6.24756504333579E-4|4|2|17|8|1|2|4|3|0|19|5|1|0|4|1|2|-2|1|1|2|0|-2|-2|1|-3|0|-2|0|3|3|-0.875
34|1.180457732767984|-0.005468416144484456|5|1|29|7|1|0|3|11|1|20|3|2|1|5|-5|-1|8|5|-1|-1|-1|5|0|-8|-4|1|1|2|3|4|1.0
57|1.0218007138091103|-3.892984608768746E-4|0|1|14|6|3|0|5|1|0|14|5|1|0|5|0|0|-2|-2|-1|0|-2|-1|0|-1|0|0|-1|1|3|3|-0.875
30|1.3318231607924071|-0.01144217795835889|10|1|17|4|4|1|3|8|4|30|2|0|1|1|3|-3|-15|3|4|1|2|-2|3|12|-2|-4|0|-2|3|3|-0.875
1|0.0|NaN|0|0|0|0|0|0|0|4|0|0|0|0|0|0|0|0|0|0|0|0|0|4|0|0|0|0|0|0|0|1|0.0
33|1.4019561551091941|-0.030866956023003267|8|3|22|4|3|0|2|9|4|15|6|0|0|4|-2|0|0|0|0|0|0|0|0|2|0|0|0|1|3|3|-0.875
35|1.1518202428281359|0.007717450574851847|10|2|23|7|0|3|2|10|5|19|3|1|1|2|-1|0|1|0|0|0|0|-1|1|2|0|0|0|1|3|3|-0.875
60|1.0345177968644244|-5.850474044817311E-4|1|0|5|5|0|0|3|0|1|8|2|2|0|4|1|-1|-5|3|-3|0|-1|-2|1|2|-4|1|0|0|3|4|1.0
30|1.2990187582825714|-0.06721725166053294|13|2|24|2|0|1|2|12|2|20|2|1|0|1|0|1|6|0|-1|1|1|-4|0|-2|0|1|-2|-1|3|3|-0.875
43|1.125074502354203|-0.01692526047574061|10|2|23|3|1|1|4|5|1|20|8|4|0|3|-2|0|2|0|0|0|0|-1|0|-1|-1|0|-1|1|3|3|-0.875
11|2.1003658889018317|0.15051853865621556|10|1|7|0|0|0|0|12|0|8|1|0|0|0|0|0|0|0|0|0|0|-1|0|2|1|0|0|0|2|2|0.0
9|2.671476824843549|-0.3634431002929177|8|0|6|0|0|0|0|8|0|11|0|0|0|0|-1|0|1|0|0|0|0|1|0|2|0|0|0|0|1|1|0.0
56|1.0443800245399744|0.006724246142420398|0|0|15|2|4|0|3|1|0|17|7|2|0|3|-1|-1|-1|-7|3|0|-2|1|0|1|5|-2|0|0|3|4|1.0
63|1.0065748184503664|-1.0604545887704653E-4|0|0|1|2|1|0|0|0|0|4|0|0|0|0|0|0|-1|-1|0|0|-1|0|0|-4|0|-1|0|-1|3|4|1.0
