13|2.0632318725408925|0.0780640106215924|12|0|10|0|0|0|0|13|3|8|0|0|0|0|0|0|0|0|0|0|0|2|1|0|0|0|0|0|1|2|0.125
60|1.0207106781186548|-3.5102844268908306E-4|0|0|7|3|2|0|2|1|0|6|3|2|0|0|-1|0|0|1|-1|0|1|1|0|-3|-1|1|0|-4|3|4|1.0
10|1.729126786466034|-0.07384796491333923|11|0|6|1|0|0|0|13|2|3|0|0|1|0|0|-1|3|1|0|0|0|2|2|-3|-1|0|1|0|2|2|0.0
28|1.2571449291556227|-0.02462169562626748|12|2|19|5|0|2|3|10|3|18|1|1|1|2|3|-1|2|4|-1|2|1|-3|1|-1|-4|1|-1|-1|3|3|-0.875
47|1.0616913816300353|-0.010345759652241826|3|1|29|4|1|0|1|6|0|23|6|2|1|3|-1|0|0|0|0|0|0|-1|0|0|0|1|0|0|3|3|-0.875
18|1.4059519882980704|0.021057649070713946|15|1|11|0|0|1|0|17|0|12|2|0|1|0|-2|1|1|-1|0|0|0|2|-1|1|2|0|0|0|3|2|-0.125
57|1.0072669046030367|-1.2976615362569888E-4|1|1|18|5|1|0|4|3|0|11|4|2|0|1|0|0|-2|-1|0|0|0|0|0|0|0|0|0|0|3|3|-0.875
21|1.454125288440265|0.039097134452976245|11|0|20|1|0|1|0|12|2|14|2|1|0|0|0|0|0|0|0|0|0|3|0|0|-1|1|0|0|2|3|0.125
34|1.2046299214481808|-0.006200906710550846|11|0|24|8|2|1|1|9|1|23|5|0|0|1|1|-1|4|4|2|1|0|-2|1|-2|-3|-2|-1|0|3|2|-0.875
11|2.0935654528024927|0.014250252469729663|10|0|5|2|0|1|0|9|0|13|0|0|1|0|0|0|0|0|0|0|0|1|0|3|0|0|1|0|2|1|-0.125
37|1.2596675370030008|-0.041548208736188696|7|0|21|5|1|2|4|9|2|20|9|0|0|8|-1|-1|1|1|0|0|0|-1|0|1|0|0|0|2|3|3|-0.875
6|2.7604947674503566|0.013586471459166916|10|1|0|0|0|0|0|1|0|8|1|0|0|0|8|1|-6|0|0|0|0|-9|-1|8|1|0|0|0|2|2|-0.25
49|1.1439836711665416|-0.002999659815969835|3|2|20|6|2|0|2|1|3|23|4|4|0|3|0|0|0|-1|0|0|0|-1|0|-1|0|1|0|0|3|3|-0.875
63|1.0158730158730158|-2.560163850486852E-4|0|0|2|2|0|0|1|0|0|2|2|0|0|1|0|0|-3|-1|0|0|0|0|0|-3|0|0|0|0|3|3|-1.0
13|2.189476798541354|-0.20585625337083657|14|1|6|0|0|0|1|9|1|10|1|0|0|0|-1|0|1|0|0|0|0|1|1|1|0|0|0|0|2|2|-0.375
25|1.7909079613898138|0.008712168275424537|14|1|19|4|0|0|1|8|1|17|4|1|0|1|0|0|0|0|0|0|0|2|1|0|0|0|0|0|2|3|-0.5
31|1.1979213843261762|0.007209739268230875|10|1|21|7|0|0|3|13|4|26|4|0|1|3|0|0|-1|0|0|0|0|0|1|0|1|0|0|2|3|2|-0.875
56|1.0369833537833117|0.006858731065268575|1|1|13|4|5|0|6|0|0|15|3|3|0|1|1|1|-4|2|2|0|5|-1|-1|0|-2|-2|0|-6|3|3|-0.875
29|1.2640294568790478|-0.009429623459966008|11|0|23|5|0|0|1|13|0|23|4|1|1|1|0|0|-1|0|0|0|0|-1|0|2|0|0|0|0|2|3|-0.625
59|1.0210617065613437|-0.0075047460161110635|0|0|5|6|1|0|2|1|1|3|4|3|0|2|0|-1|-2|1|0|0|-1|0|0|-1|-1|0|0|0|3|3|-0.875
49|1.0795815293186053|-0.0016579485274710315|2|1|22|7|3|0|0|2|1|14|11|1|0|4|0|0|-1|-1|0|0|0|-1|0|-1|0|0|-1|1|3|3|-0.875
35|1.3065120588959387|0.020396704150119627|8|2|21|2|1|0|1|8|5|22|5|3|0|4|0|0|0|0|0|0|0|0|0|1|-1|1|0|0|3|3|-0.875
32|1.1332001726548864|-0.017658507581547855|11|5|23|1|0|1|0|12|2|16|6|1|0|3|0|4|8|-5|-1|1|-3|0|-3|-6|5|1|-1|3|3|3|0.375
16|1.2647542485937369|0.06475424859373691|11|0|14|3|0|0|0|14|0|10|1|0|0|0|-2|0|6|2|0|0|0|3|0|-4|-2|0|0|0|2|2|-0.125
9|1.7525221149717054|-0.46906526437146345|13|0|3|0|0|0|0|6|0|10|0|0|0|0|-1|0|1|0|0|0|0|1|0|2|0|0|0|0|1|1|-0.125
20|1.4182529090995877|-0.11824631757083037|17|1|15|0|0|0|0|7|2|25|0|0|1|0|10|-1|-6|0|0|-1|0|-11|1|11|0|0|1|0|3|2|-0.125
36|1.0805415260169906|0.00953348675303145|9|6|26|4|0|0|2|12|0|23|5|1|1|1|-4|6|2|-1|0|-1|1|2|-6|-2|1|1|1|-1|3|3|-0.875
50|1.0248528137423856|-5.072002804569209E-4|6|2|16|4|2|0|3|4|2|18|7|1|1|3|1|0|-3|-3|2|-1|0|-3|0|2|2|-1|1|0|3|3|-0.875
18|1.5762017162006248|0.02492931081172789|9|0|18|2|0|0|0|18|1|9|2|0|2|1|-10|-1|10|2|0|-3|0|9|1|-9|0|0|2|1|2|2|0.375
40|1.1517766952966368|-0.0145125707094802|12|0|23|5|0|0|2|8|5|19|5|2|1|3|4|-4|3|0|-2|0|0|-4|5|-5|-2|2|1|0|3|3|-0.875
10|2.305519988716055|-0.060176440690649535|10|4|2|0|0|2|0|10|0|7|1|0|1|0|3|4|-6|0|0|1|0|0|-4|5|1|0|-1|0|2|2|-0.375
45|1.0904681735970105|0.007357849744910938|3|1|23|8|0|0|7|7|0|21|9|2|1|6|0|-1|-1|1|0|0|0|0|0|0|-1|0|0|-1|3|4|1.0
63|1.0355974712241158|-5.741527616791586E-4|0|0|2|1|0|0|0|0|0|0|0|2|0|0|0|0|-2|-2|-1|0|-2|0|0|-1|-2|0|0|0|3|3|0.0
17|2.4234639480681213|-0.16580995099677587|16|4|8|0|0|2|0|6|0|17|2|1|0|0|-2|0|2|0|0|-1|0|1|0|2|-1|1|0|0|2|3|0.125
8|1.5837557972137462|-0.8504627278825634|11|0|4|0|0|2|0|6|0|6|0|0|0|0|8|0|-1|0|0|2|0|-6|0|3|0|0|-2|0|1|1|-0.125
49|1.0422666900380708|-8.805560424598458E-4|3|2|19|5|0|0|3|5|1|24|7|2|0|3|0|0|-1|0|0|0|0|-2|0|0|1|1|0|0|3|3|-0.875
2|8.602325267042627|8.602325267042627|1|0|3|0|0|0|0|0|0|3|0|0|0|0|1|0|3|0|0|0|0|-1|0|0|0|0|0|0|1|1|0.0
29|1.2948198784994673|-0.010529281374980881|15|1|15|2|2|0|0|17|3|15|4|0|1|1|0|0|-1|0|0|0|0|1|1|1|0|0|0|1|3|2|-0.875
31|1.3421838344874526|0.021927205517084936|10|2|24|4|2|0|2|6|1|18|9|0|0|3|0|0|0|0|0|0|0|-1|0|-1|2|0|0|0|3|3|-0.875
42|1.1419997628299439|-0.0034634088495109072|7|1|11|13|2|1|4|8|4|17|5|0|0|0|-2|-2|-7|9|2|1|4|1|3|2|-8|-2|-1|-4|3|3|-0.875
47|1.1218706821565498|-0.0026493626555772476|2|1|13|8|5|0|7|5|2|20|8|3|0|5|0|0|0|-1|0|0|0|-1|-1|0|0|0|0|0|3|4|1.0
23|1.4357353231080057|0.03637875701780824|8|2|19|4|0|0|3|19|3|11|3|0|3|0|0|0|0|0|0|0|0|0|2|0|0|0|0|0|2|2|-0.75
20|1.5685815445805624|-0.008124630642498243|13|3|12|2|0|0|0|13|2|16|2|0|1|0|-1|3|-3|0|0|-1|0|0|-1|3|0|0|1|0|2|2|-0.25
51|1.0798248590561859|-0.00988076842858554|5|0|13|12|3|0|8|4|0|21|7|0|0|0|-2|0|0|0|0|0|0|0|0|1|1|0|0|0|3|3|-0.875
32|1.490796294594795|-0.055705299099825245|16|2|16|5|1|0|3|14|1|23|5|0|2|2|4|1|-5|0|1|-2|1|-2|-2|6|1|-1|2|-1|3|2|-0.875
9|3.018898591717585|0.26001511523440035|7|0|5|0|0|0|0|5|0|11|1|0|1|1|0|0|0|0|0|0|0|0|0|2|1|0|0|1|1|2|0.0
16|1.5335394410778476|0.031097370594810103|15|2|10|1|0|0|0|12|1|11|1|0|1|1|6|0|-1|0|0|-1|0|-3|-1|1|0|0|1|1|2|3|0.375
44|1.0847255013944965|-0.0019703604975462863|5|2|21|6|1|1|1|11|0|21|3|4|0|4|-7|2|-1|3|-2|1|-2|6|-2|-2|-3|3|-1|3|3|3|-0.875
59|1.0421234131226875|0.00641534740086902|0|0|5|5|4|0|1|1|0|7|6|1|0|5|0|0|-1|0|1|0|0|0|0|-2|-1|0|0|0|3|3|-0.875
30|1.198580577641272|-0.02113083241428826|9|2|25|3|2|1|2|7|2|29|3|0|1|1|2|0|-3|1|2|0|1|-3|0|4|0|-2|0|-1|3|2|-0.75
49|1.0591733660532991|-0.022066111792777177|2|0|20|6|2|0|1|4|0|18|10|1|0|3|0|0|-4|0|0|0|0|-1|0|0|2|0|0|0|3|3|-0.875
15|1.2752660136327976|-0.01966185811662835|6|1|6|2|0|0|0|10|0|13|2|0|0|0|0|-1|0|1|0|0|0|1|0|-1|2|0|0|0|3|3|-0.625
44|1.0847255013944965|-0.0019703604975462863|9|3|19|5|1|1|8|12|1|19|4|2|2|4|-1|2|0|0|-1|-1|3|3|-2|-1|-1|1|1|-4|3|4|1.0
37|1.110028859780148|-0.003056357216115302|13|1|18|6|0|1|4|13|3|17|8|0|2|5|-1|0|0|-1|0|0|-1|-1|-1|-1|2|0|0|2|3|3|-0.875
16|1.5588468377833267|0.0451480759810976|13|0|12|2|0|0|0|11|3|8|1|0|0|1|4|-2|4|1|0|0|0|-2|3|-4|-1|0|0|1|2|2|0.0
57|1.0538783826643066|0.006434556780514189|0|0|11|4|3|0|3|1|0|13|6|1|0|6|0|0|0|0|-1|0|0|-1|0|0|-1|-1|-1|-1|3|4|1.0
18|2.3599371440291095|-0.4778746568546657|11|1|17|0|0|1|0|12|3|12|1|0|2|1|-1|-2|8|-1|0|-1|-1|0|2|-4|1|0|1|1|2|2|0.125
2|5.0990195135927845|5.0990195135927845|1|0|3|0|0|0|0|4|0|0|0|0|0|0|1|0|3|0|0|0|0|3|0|-3|0|0|0|0|1|1|0.0
58|1.0|0.0|1|0|11|3|2|0|1|0|0|12|7|0|0|2|-1|0|-2|-2|1|0|-2|-1|0|-3|4|-2|0|1|3|4|1.0
35|1.1161284314927424|-0.03282730680861001|8|1|27|5|0|0|5|9|2|25|3|4|0|3|0|0|0|-1|0|0|0|-1|0|2|1|0|0|0|3|3|-0.875
3|3.7370341836426597|0.1314829081786706|4|0|0|0|0|0|0|2|0|5|0|0|0|0|0|0|0|0|0|0|0|1|0|3|0|0|0|0|1|1|-0.125
43|1.1755761971275476|0.019629138163629767|5|0|25|6|2|0|1|10|1|22|7|3|1|5|0|0|0|0|0|0|0|0|0|2|1|0|0|2|3|3|-0.875
21|1.320064254844684|-0.10742456897954367|13|0|13|3|0|1|0|7|3|16|3|0|0|1|-1|-1|1|0|0|0|0|-1|0|1|1|0|0|0|2|2|0.125
14|2.3402431299757085|-0.008013473267378668|12|1|11|1|0|1|0|3|3|11|3|0|0|0|7|-1|2|-1|0|1|0|-9|2|0|2|0|-1|0|2|2|-0.125
26|1.574317468824915|0.017027301247003468|16|4|16|4|0|2|1|9|2|17|6|1|1|1|6|4|-2|-1|-1|1|1|-7|-2|1|2|1|-1|0|2|3|-0.5
1|0.0|NaN|0|0|0|0|0|0|0|4|0|0|0|0|0|0|0|0|0|0|0|0|0|4|0|0|0|0|0|0|0|1|0.0
41|1.1337873505911846|0.007010655294547696|10|0|23|7|0|3|3|9|3|23|1|1|1|1|0|0|0|0|-1|0|-1|0|1|-1|-1|0|0|0|3|4|1.0
30|1.472063348718934|-0.0019948202188222464|15|1|26|4|0|2|1|11|0|19|3|1|1|1|6|1|5|2|-1|2|0|-5|-1|-6|-1|1|-1|0|2|3|-0.625
1|0.0|NaN|0|0|0|0|0|0|0|1|0|3|0|0|0|0|0|0|0|0|0|0|0|1|0|3|0|0|0|0|0|1|0.0
40|1.2550014504089357|-0.006538498728434261|9|0|30|4|1|1|1|9|2|19|8|0|1|2|1|-2|12|-6|1|0|0|-2|2|-9|3|-1|0|1|3|3|-0.875
56|1.0695164683391456|0.006267219891526343|1|0|11|8|2|0|5|3|0|9|6|2|0|2|-2|-1|0|1|1|0|2|2|0|-3|-2|0|0|-3|3|4|1.0
10|1.4721349351738362|0.05865167386957393|8|1|8|0|0|0|0|12|1|5|0|0|1|1|-2|1|3|0|0|0|0|4|0|-3|0|0|1|1|2|2|0.125
50|1.166274169979695|-0.011846688415363182|7|0|11|7|5|0|3|2|0|26|8|1|0|4|5|0|-17|-1|3|0|-2|-5|-1|13|2|-4|0|0|3|4|1.0
57|1.0218007138091103|-3.892984608768746E-4|0|0|8|6|4|0|3|1|0|14|9|0|0|4|0|0|-2|-2|0|0|-1|0|0|-2|-1|-1|0|-2|3|4|1.0
14|1.926179629211197|-0.03938200514139223|13|0|8|1|1|0|0|7|1|14|0|0|0|1|5|0|-4|1|1|0|0|-6|1|6|-1|0|0|1|3|2|-0.5
23|1.365431232490768|-0.06206505602230772|7|1|22|3|0|0|0|11|2|18|2|0|0|2|0|-1|0|1|0|0|0|0|0|2|0|0|0|1|2|2|0.25
12|1.8630375914709598|-0.4161649303263475|17|0|5|0|0|4|0|8|1|9|0|0|0|0|10|-1|-2|0|0|4|0|-9|1|4|0|0|-4|0|1|2|-0.375
26|1.3920571271822284|-0.03198791919743327|16|2|15|3|0|1|0|13|1|21|4|0|0|0|4|2|-5|-1|0|1|0|-4|-1|7|1|0|-1|0|3|2|-0.625
49|1.0998555556529015|-0.002080324076102036|1|1|29|8|2|0|3|3|2|14|11|4|0|7|-1|0|-2|0|0|0|0|-2|0|-1|3|0|0|1|3|3|-0.875
53|1.0234460507003638|-4.508855903915254E-4|2|0|18|4|2|1|2|2|2|16|9|0|0|5|-1|0|-1|-1|0|0|0|0|0|0|-1|0|0|0|3|3|-0.875
55|1.0632492484476193|-0.008841903904087678|2|1|19|8|1|0|7|2|2|9|6|1|0|3|-1|0|0|-1|0|0|0|0|0|-1|1|0|0|0|3|3|-0.875
63|1.0224478343233825|-3.6206184392550966E-4|0|0|2|3|0|0|1|0|0|2|0|0|0|0|0|-1|-2|-1|0|0|-2|0|0|-1|-2|0|0|0|3|3|-1.0
63|1.029022652773749|-4.6810730280233415E-4|0|0|1|3|0|0|2|0|0|0|1|0|0|0|0|0|-2|0|-2|0|-2|0|0|-2|-1|-1|0|-2|3|4|1.0
24|1.3559668236193774|-0.03348610373880301|11|1|18|1|0|0|0|16|5|18|1|0|2|1|-7|-2|2|0|0|-2|-1|3|4|2|0|0|2|1|3|2|-0.875
62|1.0066808639092435|-1.0952235916783515E-4|0|0|4|2|1|0|2|0|0|4|0|1|0|0|0|-1|-1|2|-1|0|1|0|-1|-1|-3|0|0|-4|3|4|1.0
35|1.23937724574945|-0.00704050722792493|6|2|26|5|1|0|4|11|1|18|7|1|0|0|0|0|-1|0|0|0|0|0|-1|-1|2|0|0|0|3|3|-0.875
15|1.612899020449196|-0.04377850146065687|9|0|12|2|0|0|0|14|0|8|1|0|0|0|-1|0|0|0|0|0|0|0|0|1|0|0|0|0|2|3|0.25
58|1.0|0.0|1|0|11|3|3|0|1|0|0|12|3|1|0|2|1|0|-3|1|2|0|1|-1|0|-1|-1|-3|0|-1|3|3|-0.875
12|1.1375234616560739|0.02515364551972943|7|0|9|1|0|0|0|4|0|7|0|0|0|0|3|0|3|1|-1|0|0|-4|0|-1|-1|0|0|0|3|4|1.0
21|1.3425469193684734|-0.01712734596842358|16|2|13|1|0|0|0|11|1|19|4|0|0|3|-1|0|1|0|0|0|0|2|0|0|1|0|0|0|2|2|0.25
36|1.2162734570551206|-0.018013914840806056|9|1|21|7|2|2|1|11|3|23|2|0|1|0|-2|-2|1|5|2|1|1|2|1|1|-4|-2|-1|-1|3|3|-0.875
8|1.375|-0.4257930393519984|9|0|4|1|0|0|0|6|0|6|0|0|0|0|4|0|0|1|0|0|0|-4|0|3|-1|0|0|0|2|1|0.0
18|1.5202810101106528|0.042105115728772846|11|1|13|2|1|0|0|16|1|10|0|0|1|0|-3|1|3|2|1|-1|0|5|0|-3|-2|-1|1|0|3|2|-0.5
2|2.23606797749979|2.23606797749979|4|0|0|0|0|0|0|4|0|0|0|0|0|0|4|0|0|0|0|0|0|0|0|0|0|0|0|0|1|1|0.0
57|1.0496215285043191|-0.008282769479953878|0|1|17|7|0|0|4|1|0|10|5|1|0|1|0|0|-2|0|-2|0|0|0|0|1|0|-1|0|0|3|4|1.0
7|3.5458630224358254|0.00994804217136025|8|0|3|0|0|0|0|4|1|7|1|0|0|0|0|0|0|0|0|0|0|1|0|2|0|0|0|0|1|2|0.0
55|1.0301246227180434|-5.578633836673674E-4|3|0|11|7|1|0|1|0|0|15|5|5|0|2|0|0|-1|-1|0|0|-1|0|0|-2|0|0|0|0|3|4|1.0
62|1.0200425917277305|-3.285670775037275E-4|0|0|4|5|0|0|3|1|0|2|2|1|0|3|-1|0|1|1|-2|0|-1|1|0|-3|-3|1|0|0|3|4|1.0
17|1.8697555561167263|-0.028471374608976863|15|1|8|0|0|1|0|7|1|20|1|0|2|0|0|0|-1|0|0|0|0|-1|1|2|0|0|0|0|2|2|-0.125
33|1.135718444382396|-0.004241201386950166|10|2|20|3|0|0|1|12|0|26|5|1|2|4|0|0|-2|0|0|0|0|2|0|0|0|0|0|0|3|3|-0.875
36|1.1360970815725462|-0.008790570195038816|12|2|20|3|5|1|0|9|1|22|6|0|1|0|5|1|-3|-2|5|1|0|-4|-1|3|3|-5|0|0|3|3|-0.75
6|3.533922451506598|0.31301941241723785|6|0|5|0|0|0|0|9|0|3|0|0|0|0|-2|0|5|0|0|0|0|3|0|-2|0|0|0|0|1|1|0.0
33|1.0805107348331024|-0.0540872585845622|8|4|25|4|0|2|1|9|4|21|3|0|0|0|-2|0|1|0|0|0|0|0|0|2|0|0|0|0|2|3|-0.625
15|2.0546087939773843|-0.020762626534083672|16|2|8|0|0|0|0|10|0|12|3|0|0|0|0|0|0|0|0|0|0|0|0|2|1|0|0|0|2|2|-0.125
57|1.0145338092060734|-0.007656203063913791|1|1|8|2|2|0|3|0|0|15|7|2|0|4|0|-1|0|-2|0|0|-2|0|0|-2|-1|1|0|1|3|3|-0.875
53|1.0812667130068918|0.006402824026273235|1|1|17|8|3|0|6|3|0|17|4|3|0|5|-1|0|1|0|0|0|0|0|0|0|-1|0|0|0|3|4|1.0
16|2.516537489223876|-0.07348826179005163|12|0|14|2|0|2|2|8|1|11|3|0|0|0|5|-1|2|1|0|2|2|-4|1|-4|1|0|-2|-2|2|2|-0.5
62|1.0427464764495626|-7.007619090091399E-4|0|0|2|2|4|0|5|0|0|3|4|1|0|4|-1|0|-2|-1|3|0|2|0|0|0|-1|-3|0|-3|3|3|-1.0
18|1.4742572809580867|-0.0035319834461760014|13|1|12|2|0|1|1|11|0|11|4|0|1|0|1|1|1|0|0|0|1|-2|-1|-2|2|0|0|-1|2|2|-0.25
56|1.0|0.0|1|0|16|5|2|0|1|1|0|18|6|1|0|3|-1|0|-2|0|1|0|-2|0|0|2|-1|-1|0|2|3|3|-0.875
44|1.147392758505422|-0.0034277385698935348|2|4|21|12|1|0|8|4|1|25|9|1|0|3|-3|3|-5|4|0|0|5|1|-4|4|-2|0|0|-6|3|3|-0.875
54|1.0492010046202294|-0.008743671075345683|2|0|15|6|3|0|2|0|0|12|6|4|0|3|2|0|3|1|-1|0|1|-2|-2|-4|2|1|0|-2|3|3|-0.875
36|1.1245911492844047|-0.03213117569384005|12|0|21|2|3|1|1|8|3|25|6|1|0|2|3|-2|-3|-5|2|1|-1|-5|3|3|4|-2|-1|1|3|3|-0.875
11|2.444228131388871|-0.11343698365576671|12|0|7|0|0|0|0|11|1|7|0|0|0|0|0|0|0|0|0|0|0|2|1|0|0|0|0|0|1|2|0.0
55|1.051425947722658|-9.523323652342874E-4|1|1|14|5|1|0|3|1|0|11|6|3|0|2|-1|0|0|-1|0|-1|0|0|0|-2|0|0|0|0|3|3|-0.875
50|1.0414213562373096|-0.009298671808375403|3|2|28|6|2|0|2|0|2|17|3|2|0|2|3|0|12|2|1|0|0|-5|-1|-9|-2|0|0|0|3|3|-0.875
16|2.441604344369513|-0.06849271879976149|11|1|14|0|1|0|0|11|1|8|3|0|1|0|1|1|7|-3|1|0|0|-1|0|-5|3|-1|1|0|3|3|-0.5
34|1.2909683007938872|-0.05167217767172683|8|2|20|6|2|1|1|11|3|22|2|1|1|1|-4|0|-2|4|1|0|0|0|1|3|-4|-1|0|0|3|3|-0.875
12|1.4220412585204985|-7.116087406728866E-4|9|1|9|0|0|0|0|4|0|13|1|0|0|0|6|1|-2|-1|0|0|0|-5|-1|3|1|0|0|0|2|2|-0.125
35|1.1987833522639473|-0.0474410857246188|10|2|29|4|1|1|1|10|1|20|6|1|1|5|-1|0|0|0|0|0|0|0|0|3|0|0|0|0|3|3|-0.5
38|1.118033720374699|0.008004860594551078|12|3|25|0|2|0|1|11|1|22|6|1|0|1|0|2|3|-4|1|0|1|-1|-2|-3|5|-1|0|0|3|3|-0.875
39|1.1677744555606422|-0.004415117251595824|4|4|28|2|1|0|3|7|1|25|6|2|1|3|-2|0|1|0|0|0|0|0|0|0|0|0|0|0|3|3|-0.875
42|1.1780644920147398|0.02004720751183542|11|3|22|8|3|1|3|7|0|32|3|0|0|1|4|3|-11|5|3|1|2|-4|-3|10|-5|-3|-1|-2|3|3|-0.875
2|6.708203932499369|6.708203932499369|0|0|2|0|0|0|0|4|0|0|0|0|0|0|0|0|2|0|0|0|0|4|0|-2|0|0|0|0|1|1|0.0
26|1.242582145744818|-0.09202018153485225|11|3|18|3|0|0|1|15|1|18|4|0|1|0|-3|2|1|-1|0|-1|1|3|-2|1|1|0|1|-1|2|2|-0.625
48|1.1107022603955157|0.006457687276118618|3|0|17|7|3|0|4|2|0|25|11|4|0|6|0|0|-11|-3|-1|0|-1|-1|0|8|3|1|0|2|3|4|1.0
29|1.3007361845427021|-0.05488586293008901|13|1|24|3|0|3|2|7|3|28|8|0|0|0|0|-1|0|1|0|0|0|0|0|4|0|0|0|0|2|2|-0.625
43|1.0946759956247785|-0.002254190372018572|8|1|23|6|4|0|4|4|1|17|8|1|0|4|-2|0|2|0|0|0|0|-2|0|-1|2|0|0|0|3|3|-0.875
49|1.074629678561069|0.007074664246083939|3|0|16|6|2|0|2|2|2|19|10|0|0|4|0|-1|-1|1|0|0|0|-1|0|-1|2|0|0|1|3|3|-0.875
26|1.1725108220860991|0.0031770032047446772|14|2|17|3|0|0|2|12|1|18|3|0|1|2|3|1|-1|0|0|-1|0|-2|-1|0|0|0|1|0|2|4|1.0
22|1.1957788995166032|-0.0681831846198282|17|0|21|1|0|5|1|12|1|21|2|0|2|0|5|-1|4|-1|0|3|1|-6|1|1|1|0|-3|-1|2|2|-0.375
49|1.1167622316681296|-0.0024325464930861074|4|0|13|4|4|0|3|9|0|21|8|3|0|6|0|0|-1|0|-2|0|-1|-1|0|0|1|-1|0|1|3|4|1.0
38|1.091717930901015|-0.024868785287762485|10|1|24|1|1|1|2|10|1|22|6|2|2|2|1|0|5|-5|-1|-1|0|-2|0|-1|5|1|0|0|3|3|-0.875
56|1.0221900122699872|-4.0345476854519724E-4|2|0|12|7|2|0|5|1|1|13|7|3|0|7|1|-1|-5|0|-1|0|-3|-1|1|0|-1|1|0|2|3|4|1.0
17|1.571457449536404|-0.22222434530196722|19|1|7|1|0|1|1|17|0|10|0|0|3|0|-2|0|2|0|0|0|0|1|0|1|0|0|0|0|2|3|-0.25
46|1.107912826931688|-0.011602808651217211|4|1|18|3|2|0|4|6|3|16|6|2|0|7|-2|-2|0|-1|0|0|0|1|2|-2|3|0|0|3|3|3|-0.875
30|1.3573783117246119|0.02215936856122025|13|0|25|2|2|1|2|12|5|15|5|0|2|3|-1|-4|11|-3|2|-1|-1|-1|5|-10|3|-2|1|1|3|3|-0.875
6|1.9390689358613267|-0.38781378717226533|7|0|2|1|0|0|0|8|0|4|0|0|0|0|2|0|-1|1|0|0|0|0|0|3|-1|0|0|0|2|1|0.0
46|1.0577577010759214|-0.010488250298867019|2|2|20|8|4|0|3|4|2|22|5|3|0|4|-3|0|-3|3|2|0|-1|1|0|2|-4|-1|0|1|3|3|-0.875
6|1.91641225040936|0.3378278050109258|6|0|5|0|0|0|0|10|0|2|0|0|0|0|0|0|3|0|0|0|0|4|0|-3|0|0|0|0|1|1|0.0
41|1.3479159297220342|0.016302101756949128|6|2|25|5|3|0|5|7|3|26|9|1|1|8|0|0|0|0|0|0|0|-2|0|1|2|0|0|1|3|3|-0.875
2|2.23606797749979|2.23606797749979|4|0|0|0|0|0|0|1|0|3|0|0|0|0|4|0|0|0|0|0|0|-3|0|3|0|0|0|0|1|1|-0.125
15|1.6439365701412016|0.04229510052561358|10|1|14|0|0|0|0|13|2|10|2|0|0|0|0|0|0|0|0|0|0|1|1|-1|1|0|0|0|2|2|-0.125
49|1.1288511938568317|-0.0026843998720171847|2|3|26|5|3|0|6|3|0|18|6|3|0|1|0|0|-1|0|0|0|0|0|-1|-1|0|1|0|0|3|3|-0.875
53|1.0579446756955748|0.006851324743798459|1|1|17|3|3|0|2|4|1|15|8|2|0|5|0|0|-1|0|0|0|0|1|0|-1|2|0|0|1|3|3|-0.875
13|1.6086682357560964|-0.08524014984409933|14|0|8|1|0|0|0|11|1|12|0|0|2|0|-2|0|2|0|0|0|0|0|1|2|0|0|1|0|2|2|0.0
39|1.1315125693459478|0.02906724758299606|12|2|20|1|1|1|1|5|2|25|3|1|0|2|0|0|0|0|0|0|0|-2|0|2|0|0|0|-1|3|4|1.0
31|1.1903062882777957|0.007463575803176692|15|0|15|6|0|1|0|6|2|27|7|0|0|3|-1|0|1|0|0|0|0|0|-1|1|0|0|0|-1|3|4|1.0
4|3.846291201783626|0.5129578684502927|5|0|3|0|0|0|0|2|0|6|0|0|0|0|4|0|0|0|0|0|0|-3|0|3|0|0|0|0|1|1|-0.125
61|1.0271615450736455|-4.526924178940295E-4|0|0|3|5|2|0|2|0|0|5|3|0|0|2|0|0|-2|-2|-1|0|0|0|0|0|-1|-1|0|0|3|4|1.0
38|1.10261828780557|-0.013968428383207332|7|2|25|7|0|1|2|11|0|27|5|0|0|2|-5|2|-2|4|0|1|0|3|-2|0|-2|0|-1|0|2|3|-0.625
23|1.1950122336625468|0.07424613141289305|13|1|19|2|0|1|0|18|0|17|4|0|1|0|0|0|0|0|0|0|0|0|0|2|0|0|0|0|2|2|-0.25
6|3.1207052975182|-0.3523063388801497|7|1|2|0|0|0|0|6|0|6|0|0|0|0|5|1|-4|0|0|0|0|-1|-1|4|0|0|0|0|2|1|-0.125
14|2.892290858458964|-0.011794174040812955|12|2|11|0|0|0|0|5|0|13|2|0|0|0|7|1|1|-2|0|0|0|-7|-2|2|2|0|0|0|2|3|0.125
20|1.5074377521164521|-0.25204863814580736|7|0|17|3|1|0|0|10|0|13|5|0|0|0|1|0|4|-2|1|0|0|3|0|-4|2|-1|0|0|3|2|-0.375
24|1.3586541195462933|-0.05132645802926028|8|1|22|3|0|0|1|13|4|19|3|0|2|2|-5|-3|6|0|0|-2|-1|5|3|-5|0|0|2|1|2|2|-0.625
28|1.2191272469325523|-0.02345706701132011|14|2|23|2|1|1|1|13|1|19|4|0|0|2|1|1|6|-2|1|1|-1|-1|-1|-4|1|-1|-1|1|3|3|-0.75
28|1.548752077928277|0.016712886002656413|14|3|17|3|1|1|2|8|1|25|2|0|0|1|4|2|-6|1|1|0|2|-6|-2|8|-1|-1|-1|-1|3|3|-0.875
32|1.2098367700662145|-0.02013065588513907|11|0|30|2|0|0|1|11|2|26|4|0|0|3|0|-2|4|-2|0|0|-1|-1|2|-3|2|0|0|2|3|2|-0.75
55|1.0301246227180434|-0.008228484909095002|4|0|12|3|2|1|1|0|1|12|5|3|0|3|-1|0|-1|0|-1|0|0|0|-1|1|0|1|0|0|3|3|-0.875
4|1.868033988749895|0.8680339887498949|2|0|3|1|0|0|0|4|0|2|0|0|0|0|2|0|1|1|0|0|0|2|0|-1|-1|0|0|0|2|1|0.0
33|1.349993226560138|0.02031271166999571|8|4|18|4|0|1|0|15|2|22|4|1|3|1|0|0|0|0|0|0|0|-2|1|2|1|0|0|0|3|3|0.125
10|3.281379615571165|-0.03126440173012934|8|1|7|1|0|0|0|8|0|12|0|0|0|0|1|1|-2|1|0|0|0|0|-1|5|-1|0|0|0|2|1|-0.125
28|1.3767777313030198|-0.05099176782603765|12|3|13|4|3|1|3|8|4|14|3|1|0|0|3|-2|0|1|3|1|3|-4|1|-1|-1|-2|-1|-3|3|3|-0.875
54|1.0753901446641752|-0.00923780579315614|2|1|15|8|2|0|8|1|1|19|4|3|0|2|0|0|-4|4|0|0|7|-1|0|2|-5|0|0|-8|3|3|-0.875
35|1.163467124335382|0.0246039081077829|13|1|18|5|0|1|0|13|2|24|5|0|0|3|0|0|0|0|0|0|0|0|0|1|1|0|0|0|3|3|0.5
32|1.3479863410659827|-0.011225365840838109|12|1|23|5|1|3|1|9|6|20|2|1|2|6|5|-5|3|3|0|1|-5|-3|5|-5|-3|0|-1|5|3|3|-0.75
7|1.681912452212935|-0.6341696796384324|2|0|9|0|0|0|0|5|1|9|0|0|0|0|-1|0|1|0|0|0|0|0|0|4|0|0|0|0|1|2|0.125
60|1.060947570824873|-0.0010330096749977535|0|0|5|6|1|0|1|1|0|8|3|1|0|1|-1|0|-7|3|0|0|0|1|0|1|-3|-1|0|0|3|3|-0.875
11|2.6338285777039734|-0.013925198837997144|10|2|5|0|0|0|0|8|1|12|1|0|0|1|0|0|0|0|0|0|0|3|0|-1|1|0|0|1|2|2|0.0
9|1.5609585752823394|-0.14334312661365556|6|0|6|1|0|0|0|8|1|9|0|0|0|0|-1|0|0|0|0|0|0|0|1|2|0|0|0|0|2|2|0.125
42|1.1557905658777392|-0.003799769899457184|6|0|28|8|1|0|4|6|3|17|11|2|0|8|0|-3|10|-3|-1|0|-3|0|3|-12|3|1|0|4|3|3|-0.875
29|1.2399109423875225|-0.005932879466289842|12|1|22|4|1|0|1|10|2|20|7|0|0|2|0|0|0|0|0|0|0|1|0|3|0|0|0|0|3|3|-0.75
44|1.0376557783975542|-0.010508589320247674|5|2|17|6|1|0|4|6|0|20|8|0|0|0|-1|2|-4|-4|1|0|4|-1|-3|4|2|-1|-1|-6|3|3|-0.75
45|1.0774506972053015|0.007653701481086239|6|3|29|2|2|1|4|5|0|18|9|3|0|3|0|0|-1|0|0|0|0|-1|0|-3|0|1|0|0|3|3|-0.875
41|1.0705590787071262|-0.02491921903439276|7|4|16|6|0|0|5|7|2|17|9|1|0|2|0|0|-1|-1|0|0|0|1|0|2|0|-1|0|1|2|4|1.0
6|3.5707805308541243|-0.45384059426940837|2|1|4|2|0|0|0|9|0|2|0|0|0|0|-3|1|2|2|0|0|0|7|-1|-2|-2|0|0|0|2|1|-0.125
56|1.0621197975824834|-0.008660606544646843|0|0|11|8|3|0|4|3|1|11|5|1|1|5|-3|-1|0|3|2|-1|-1|3|1|-1|-5|-2|1|0|3|3|-0.875
54|1.0230118645762831|-0.01930211065238252|4|0|17|6|1|0|5|2|0|13|9|0|0|3|2|0|4|-4|1|0|2|-2|0|-6|1|-1|0|-3|3|3|-0.875
17|1.3222769802717105|-0.02014231126698185|13|2|9|2|0|1|0|10|2|15|2|0|1|0|-2|0|2|0|0|0|0|-1|1|1|1|0|0|0|2|2|-0.125
56|1.0505076272276104|-9.183204950475865E-4|2|1|14|4|1|0|2|4|0|14|6|1|0|1|-4|1|-3|-1|1|0|1|2|-1|-2|1|0|0|-2|3|3|-0.875
45|1.0644332208135925|0.007949553217261318|6|1|17|8|0|1|3|7|1|27|7|2|1|5|-1|0|0|0|0|0|0|0|0|-3|3|0|0|3|3|3|-0.875
30|1.149290288820636|-0.005147940993814881|13|2|19|4|1|0|1|11|3|21|4|1|0|3|-1|0|-1|2|0|0|0|-4|1|3|0|0|0|2|3|3|-0.75
19|1.6977884425781014|-0.0387660245876722|11|4|13|0|0|1|0|12|4|10|2|0|0|3|0|0|-1|0|0|0|0|-1|2|1|0|0|0|0|3|3|0.5
52|1.039828227151259|-7.809456304168627E-4|3|1|20|5|2|0|3|3|0|16|7|1|0|1|0|1|3|-2|1|0|2|0|-1|-5|1|-1|0|-2|3|3|-0.875
16|1.7162573896530136|0.023215847506197873|13|0|13|1|0|1|1|11|0|14|1|0|1|0|3|0|2|0|0|1|1|-2|0|1|0|0|0|-1|2|2|-0.375
56|1.054840496640455|-9.970999389172785E-4|1|1|12|3|2|0|5|3|0|7|8|4|0|8|-2|1|2|-6|-2|0|-4|2|-1|-5|4|2|0|3|3|4|1.0
3|4.538075596120276|0.9325243206562868|4|0|0|0|0|0|0|5|0|3|0|0|0|0|0|0|0|0|0|0|0|1|0|3|0|0|0|0|1|1|0.0
4|2.6124149773451206|-2.921345525692982|5|1|1|0|0|0|0|7|0|1|0|0|0|0|1|1|1|0|0|0|0|1|-1|1|0|0|0|0|2|1|-0.125
47|1.107895059826925|0.019393585655936407|8|1|16|6|4|1|5|4|1|18|6|1|1|1|0|0|0|0|0|0|0|-1|0|-2|1|-1|0|0|3|4|1.0
9|1.9442748336062396|0.20765955523221846|8|0|7|0|0|0|0|4|0|12|1|0|0|0|0|0|0|0|0|0|0|1|0|3|0|0|0|0|1|2|0.0
43|1.1563104500404269|-0.0037216773819148674|5|1|26|3|4|0|1|8|7|19|0|1|0|4|-2|0|1|0|0|0|0|-1|1|1|0|0|0|0|3|3|-0.875
40|1.1223230556748043|-0.028777514248071956|4|3|26|7|2|0|5|5|0|22|3|1|0|3|-1|3|6|3|1|0|2|-1|-3|-2|-4|-1|-1|-2|3|3|-0.875
33|1.1181665132306566|0.009251470285701169|10|1|17|6|1|0|3|9|4|25|3|0|1|2|-1|0|1|0|0|0|0|0|1|0|1|0|0|1|3|2|-0.875
29|1.354871305677943|0.0021193663105412153|14|0|20|5|1|2|3|14|2|17|4|2|1|1|0|0|0|-1|0|0|0|-1|1|0|0|1|0|0|3|3|-0.875
47|1.0990820053083483|-0.023893087071920727|2|3|20|6|2|0|3|4|2|24|5|3|0|5|-3|0|1|-1|0|-1|-1|0|-1|-1|0|1|0|0|3|3|-0.875
13|1.388355936733927|-0.35954713495020973|10|0|11|0|0|0|0|11|0|12|1|1|2|2|-1|0|1|0|0|0|0|0|0|4|0|0|0|0|3|3|-0.75
62|1.0066808639092435|-1.0952235916783515E-4|0|0|4|5|1|0|5|0|0|3|2|0|0|0|0|0|-1|2|1|0|5|0|0|-2|-4|-1|0|-5|3|3|-1.0
59|1.0309902902499353|-5.34315349136838E-4|0|0|14|2|1|0|2|1|0|10|2|1|0|1|0|0|-1|-1|0|0|0|0|0|0|-2|-1|0|0|3|4|1.0
10|2.107395024523632|0.014296994775128802|13|1|4|0|0|0|0|8|1|7|0|0|0|0|9|0|-3|0|0|0|0|-5|0|3|0|0|0|0|2|2|-0.125
2|1.0|1.0|3|0|1|0|0|0|0|3|0|1|0|0|0|0|3|0|1|0|0|0|0|-1|0|1|0|0|0|0|1|1|0.0
2|5.0|5.0|4|0|0|0|0|0|0|4|0|0|0|0|0|0|4|0|0|0|0|0|0|0|0|0|0|0|0|0|1|1|0.0
13|1.421439128047621|-0.13812559212895126|12|0|8|2|0|1|0|8|2|16|0|0|0|0|-1|0|1|0|0|0|0|3|0|1|0|0|0|0|2|2|-0.125
2|3.605551275463989|3.605551275463989|0|0|2|0|0|0|0|4|0|0|0|0|0|0|0|0|2|0|0|0|0|4|0|-2|0|0|0|0|1|1|0.0
62|1.0133617278184868|-2.1904471833589234E-4|0|0|3|2|0|0|0|0|0|4|1|1|0|0|0|0|-2|-1|-2|0|-1|0|0|1|-3|0|0|0|3|4|1.0
21|1.8938084061561624|-0.09469042030780805|22|1|9|1|0|3|0|19|0|10|4|0|2|1|-1|0|1|0|0|0|0|2|0|0|1|0|1|1|3|2|-0.625
28|1.4063644143296694|2.907091867934142E-4|10|2|16|4|1|1|1|11|3|16|5|0|1|3|-1|-1|1|0|1|0|-1|1|1|-1|1|-1|0|2|3|3|-0.875
4|2.4571067811865475|-0.7447436439681159|5|0|3|0|0|0|0|5|0|3|0|0|0|0|1|0|3|0|0|0|0|0|0|0|0|0|0|0|1|1|0.0
28|1.2484791903299342|-0.06793576399840129|10|1|15|5|0|0|1|10|2|19|3|0|0|1|-1|-1|-2|3|0|0|0|-1|1|5|-2|-1|0|0|3|2|-0.75
2|3.1622776601683795|3.1622776601683795|4|0|0|0|0|0|0|1|0|3|0|0|0|0|4|0|0|0|0|0|0|-3|0|3|0|0|0|0|1|1|0.0
63|1.0065748184503664|-1.0604545887704653E-4|0|0|1|1|0|0|0|0|0|1|1|1|0|0|0|0|-2|0|0|0|0|0|0|-3|-2|1|0|-1|3|4|1.0
46|1.0847716290567753|-0.0018838139790395836|3|2|18|8|2|0|5|5|1|18|7|2|1|0|-2|1|0|2|0|-1|5|0|-1|1|-1|0|1|-5|3|3|-0.875
45|1.1126903958192327|-0.0025611453595282274|3|5|22|6|1|0|6|7|0|20|5|0|0|1|-2|0|1|0|0|0|0|0|0|-2|0|0|0|0|3|4|1.0
1|0.0|NaN|0|0|0|0|0|0|0|4|0|0|0|0|0|0|0|0|0|0|0|0|0|4|0|0|0|0|0|0|0|1|0.0
33|1.2893871659540774|0.0039008248880942897|12|1|15|6|0|2|1|14|0|16|6|2|3|3|0|0|-1|0|0|0|0|1|0|0|0|1|1|2|3|3|-0.5
31|1.3799765078827368|-0.012665883596091332|8|2|17|7|1|1|0|14|5|18|1|2|1|3|0|-1|-1|1|0|0|0|-1|1|2|-1|1|0|2|3|3|-0.875
37|1.165826024705715|-0.03238405624182539|6|1|24|9|0|1|2|11|2|19|8|1|1|0|0|0|-1|-1|0|0|0|-1|0|2|1|0|0|0|2|3|-0.75
54|1.0338597615693739|-0.008454213659291998|0|0|14|4|3|0|1|2|0|18|5|5|0|7|-3|0|-5|1|-2|0|-3|0|0|5|1|2|0|6|3|3|-0.875
14|1.8122593494008032|-0.165085375755615|14|0|7|2|0|1|0|10|0|14|1|0|0|0|5|0|-4|1|0|1|0|-4|0|7|-1|0|-1|0|2|2|-0.125
24|1.2383895563224319|-0.06410684929661836|11|3|23|1|0|1|1|20|0|19|3|0|2|0|-7|3|6|-2|0|-1|1|7|-3|-2|2|0|1|-1|2|2|-0.375
54|1.023011864576283|-4.3418612408085977E-4|3|1|14|6|2|1|4|0|2|20|5|1|0|7|3|-1|-7|1|0|1|-4|-3|1|2|-2|-1|-1|2|3|4|1.0
1|0.0|NaN|0|0|0|0|0|0|0|1|0|3|0|0|0|0|0|0|0|0|0|0|0|1|0|3|0|0|0|0|0|1|0.0
44|1.0886248849229925|-0.025316857788906688|7|3|26|7|2|0|6|4|1|21|8|0|0|3|3|2|3|0|2|0|3|-5|-2|-5|1|-2|-1|-3|3|3|-0.875
47|1.100454241526348|-0.002183787859268538|7|1|17|10|3|1|1|4|1|23|3|3|0|1|-1|0|-3|0|0|0|0|-1|0|-2|1|0|0|0|3|3|-0.875
52|1.0318625817210074|-6.247565043333569E-4|1|1|15|6|3|0|0|2|1|13|6|3|0|5|-1|0|-1|0|0|0|-5|1|-1|-5|0|0|0|5|3|3|-0.875
15|1.4523896302656227|0.09828839246289767|11|0|13|0|0|0|0|16|0|9|1|0|0|0|0|0|0|0|0|0|0|0|0|1|0|0|0|0|1|2|-0.125
16|1.5655391985963159|-0.10436927990642109|12|2|13|0|0|1|0|12|1|16|0|0|1|0|0|1|0|0|0|0|0|0|-1|2|0|0|0|0|2|2|-0.125
53|1.0312614009338186|-6.011807871888486E-4|2|1|10|12|2|0|1|3|0|16|3|3|0|2|0|0|-3|0|0|0|0|0|-1|-1|0|1|0|0|3|3|-0.875
17|1.287432324551334|-0.04385286793277676|10|2|17|0|0|0|0|14|0|16|0|0|0|0|-2|0|2|0|0|0|0|2|0|2|0|0|0|0|2|1|-0.125
19|1.622866927975021|-0.25324287920716904|16|1|8|3|0|2|0|14|3|9|3|0|0|0|0|0|-1|0|0|0|0|3|0|1|0|0|0|0|2|2|-0.25
10|2.062780549425379|-0.0069756166028200894|5|1|10|0|0|0|0|8|0|5|1|0|0|0|1|1|5|-1|0|0|0|3|-1|-5|1|0|0|0|2|2|-0.125
59|1.0|0.0|0|1|8|3|1|0|3|0|0|8|4|1|0|2|-1|0|0|-1|0|0|0|0|0|-2|0|0|0|0|3|3|-0.875
59|1.0|0.0|0|0|8|2|0|0|0|0|0|8|6|2|0|3|0|0|-2|-2|0|0|0|-2|0|-1|2|-1|0|1|3|4|1.0
13|1.813876010436433|0.14930627208562952|14|0|9|0|0|1|0|12|1|8|1|0|0|0|0|0|0|0|0|0|0|0|0|2|1|0|0|0|1|2|0.0
24|1.3461306578902195|0.028429101830860004|5|0|21|8|0|0|0|14|3|12|2|0|0|2|-8|-2|7|6|0|0|-1|9|3|-9|-6|0|0|2|2|3|0.375
53|1.0656360125399826|-0.0012622310103842516|0|1|18|7|1|0|4|2|0|10|5|3|0|2|0|-1|-1|1|-1|0|0|0|-1|-3|-1|0|0|-1|3|4|1.0
10|2.3064495102245983|-0.16319190782144144|9|1|8|0|0|1|0|8|0|10|0|0|0|0|2|1|1|0|0|1|0|-1|-1|2|0|0|-1|0|2|1|-0.125
54|1.056871626145657|-0.0010730495499180481|0|1|20|5|0|0|1|3|0|17|9|1|0|4|-3|1|3|-6|-1|0|-5|2|-1|-3|3|1|0|3|3|4|1.0
1|0.0|NaN|0|0|0|0|0|0|0|4|0|0|0|0|0|0|0|0|0|0|0|0|0|4|0|0|0|0|0|0|0|1|0.0
49|1.1097592571679742|-0.002286651190999356|3|0|21|6|1|1|1|5|0|20|8|2|0|5|-2|0|2|0|0|-1|0|-2|-2|0|-1|0|0|-2|3|4|1.0
9|2.1793686986343475|-0.3019295845167673|9|1|3|1|0|0|0|5|1|10|0|0|0|0|-1|0|1|0|0|0|0|0|0|3|0|0|0|0|2|2|-0.125
39|1.411155329505721|8.047981229930556E-5|10|2|11|5|1|1|2|12|3|18|7|2|1|9|0|-1|0|1|0|0|0|1|0|1|-1|0|1|0|3|3|-0.875
57|1.0320776688551963|-5.728155152713299E-4|0|1|12|5|1|0|5|0|2|10|2|3|0|3|0|0|-1|0|-2|0|0|0|0|-3|0|0|0|0|3|3|-0.875
59|1.028082275415125|-4.8417716232962427E-4|0|0|7|5|3|0|4|0|0|10|3|2|0|2|0|0|-3|-2|0|0|-1|0|0|-1|-2|0|0|0|3|3|-0.875
58|1.021424839433091|-3.758743760191585E-4|0|0|14|5|1|0|3|2|0|7|4|2|0|2|-2|0|5|1|-1|0|1|1|0|-8|-1|1|0|-1|3|3|-0.875
48|1.0983614448278824|0.006720257820110875|5|1|16|7|3|0|2|7|1|21|6|1|1|2|-2|0|-8|2|1|-1|-1|1|0|6|-1|-2|1|0|3|4|1.0
7|3.2278916543738916|-0.1054416789594419|7|0|4|0|0|0|0|7|0|8|0|0|0|0|0|0|0|0|0|0|0|4|0|0|0|0|0|0|1|1|0.0
1|0.0|NaN|0|0|0|0|0|0|0|1|0|3|0|0|0|0|0|0|0|0|0|0|0|1|0|3|0|0|0|0|0|1|0.0
30|1.3009495047034543|-0.010377569127705488|7|1|29|3|1|0|0|9|5|16|2|3|0|3|-2|-4|12|1|-2|0|-3|1|4|-12|-1|2|0|3|3|3|-0.375
43|1.0946759956247785|-0.026063714181542297|6|1|30|8|0|1|2|6|2|24|8|2|0|5|-1|-1|0|1|0|0|0|0|0|2|1|0|0|1|3|3|-0.875
62|1.022809896167308|-3.739327240541712E-4|0|0|3|0|1|0|0|0|0|3|3|0|0|1|-1|0|-2|-3|1|0|-2|0|0|-3|2|-1|0|1|3|4|1.0
55|1.0150623113590216|-0.00794955321726154|3|0|16|7|0|0|4|1|1|9|10|0|0|4|-1|0|-2|0|-1|0|-1|0|0|-2|1|0|0|0|3|3|-0.875
36|1.1867041486593988|-0.017169077458071502|7|2|18|1|2|0|1|9|1|21|5|1|0|2|-2|1|-6|-2|0|0|1|2|-1|3|3|-1|0|1|3|4|1.0
11|2.0224125091137677|-0.0022412509113771684|10|0|6|1|0|1|0|15|3|3|0|0|2|0|0|0|0|0|0|0|0|2|1|0|0|0|2|0|2|2|0.25
36|1.3337594367184618|-0.021370657116901892|12|2|26|7|2|1|2|9|0|24|1|2|0|0|5|2|3|6|0|1|2|-3|-2|-2|-6|1|-1|-2|3|4|1.0
5|3.2883872266831338|0.698593825903771|6|1|0|0|0|0|0|9|0|3|0|0|1|0|0|0|0|0|0|0|0|1|0|3|0|0|0|0|2|1|-0.125
1|0.0|NaN|0|0|0|0|0|0|0|1|0|2|0|0|0|0|0|0|0|0|0|0|0|1|0|2|0|0|0|0|0|1|0.0
11|1.979336275885941|0.10206637241140593|11|1|6|0|0|1|0|12|0|8|1|0|0|0|0|0|0|0|0|0|0|4|0|0|0|0|0|0|2|2|-0.125
41|1.2067313697354425|0.005187054815941394|5|1|25|6|1|0|2|5|1|31|2|3|1|2|0|0|-1|0|0|0|0|1|0|2|0|0|1|0|3|3|-0.875
59|1.0280822754151249|-4.841771623298463E-4|0|1|6|2|0|0|1|0|0|10|2|3|0|1|0|0|-4|0|0|0|0|0|0|-1|0|-1|0|-1|3|4|1.0
6|4.849836585598798|0.04983658559879789|1|1|7|0|0|0|0|4|0|4|1|0|0|0|1|1|3|-1|0|0|0|3|-1|-3|1|0|0|0|2|2|0.0
1|0.0|NaN|0|0|0|0|0|0|0|4|0|0|0|0|0|0|0|0|0|0|0|0|0|4|0|0|0|0|0|0|0|1|0.0
5|2.731370849898476|0.024264068711928655|3|0|4|0|0|0|0|6|0|5|0|0|0|0|0|0|0|0|0|0|0|1|0|3|0|0|0|0|1|1|0.0
59|1.0450314279574977|-7.764039303017611E-4|1|0|7|7|0|0|5|0|1|8|6|2|0|6|0|0|-1|-2|0|0|0|-2|0|0|-1|0|0|-1|3|4|1.0
24|1.4778922270639019|0.022700337953743377|14|1|18|4|0|2|1|9|1|25|2|0|2|0|6|0|-7|2|0|0|1|-5|0|7|-2|0|0|-1|3|2|-0.625
47|1.0528783271114588|-0.001149528850248993|6|0|17|5|1|0|1|4|2|20|7|5|0|3|0|0|-1|0|0|0|0|0|-1|-2|0|1|0|1|3|3|-0.875
18|1.4222847866384187|0.04786959946243341|10|1|18|0|0|1|0|14|1|15|0|0|1|0|-2|1|3|0|0|0|0|4|0|-3|0|0|0|0|2|3|0.25
19|1.8669267237978573|0.02050784742788503|9|2|14|1|0|0|2|16|0|15|3|0|0|0|0|0|0|0|0|0|0|1|0|3|0|0|0|0|2|2|-0.5
30|1.143790283299492|-0.03944104425170658|15|2|25|3|0|2|3|11|1|25|4|0|0|0|4|1|4|-1|0|2|3|-5|-1|1|1|0|-2|-3|3|3|-0.75
39|1.1618899615124296|0.006640094759491122|11|2|19|7|1|1|2|10|3|22|6|0|1|3|0|0|-1|0|0|0|0|0|0|1|1|0|-1|1|3|2|-0.875
27|1.2399521727636695|-0.05677000577936364|15|1|15|4|0|1|1|13|0|15|6|1|0|2|-1|0|1|0|0|0|0|1|0|1|0|0|0|0|2|3|-0.375
45|1.059041205544275|-0.001341845580551615|5|1|20|11|3|0|8|7|2|16|6|1|0|2|-1|-1|1|0|0|0|0|-1|0|-1|2|0|0|0|3|3|-0.875
15|1.8122793394435008|0.09642845148034862|13|2|8|1|0|2|1|15|2|8|1|0|1|0|0|0|0|0|0|0|0|2|1|0|0|0|1|0|2|2|-0.5
15|1.714756623449224|-0.051054044532087506|6|0|15|1|0|0|0|11|0|16|1|0|1|0|-1|0|1|0|0|0|0|2|0|0|1|0|0|0|2|2|0.0
33|1.117967340211884|-0.01663065320578072|8|2|22|2|0|0|2|11|1|18|4|3|1|2|0|0|0|-2|0|0|0|-1|0|0|1|1|0|1|3|3|-0.5
35|1.197128426760333|-0.052438672481977866|13|3|25|2|0|2|1|11|4|24|7|0|1|4|-1|0|0|0|0|0|0|1|0|0|1|0|1|0|3|2|-0.875
14|1.6816574119189325|-0.14751733764759423|10|1|11|1|0|0|0|14|1|9|0|0|0|2|-4|0|3|1|0|0|-2|3|0|-1|-1|0|0|2|2|2|0.25
26|1.2582606400814949|-0.010330425603259918|10|1|23|1|1|0|0|9|0|23|4|0|3|0|2|1|0|-3|0|-3|0|-2|-1|0|3|-1|3|0|3|4|1.0
62|1.013361727818487|-2.1904471833589234E-4|1|0|3|0|0|0|0|0|0|3|3|0|0|2|1|0|0|-4|0|0|-2|-1|0|-1|3|-1|0|2|3|3|1.0
36|1.1426545253919849|-0.015722725089873713|6|1|19|10|0|0|2|14|1|23|8|0|0|3|-6|0|-4|3|0|0|-1|8|-1|4|-1|0|0|1|2|3|-0.875
45|1.2174632100885407|0.017784927043442256|10|1|17|11|0|1|5|3|2|13|6|7|0|4|0|0|0|0|0|0|0|-1|-1|-2|-1|0|0|-1|3|4|1.0
23|1.3202199209561631|-0.01455545095255295|11|1|17|3|0|0|1|14|0|22|1|0|2|0|0|0|-1|0|0|0|0|2|0|0|-1|0|0|-1|2|4|1.0
54|1.046023729152566|-8.683722481617195E-4|0|0|10|10|5|0|4|1|2|10|7|3|0|4|-1|-2|0|2|1|0|1|1|2|0|-4|-2|0|0|3|4|1.0
39|1.068124467935702|-0.0017927491562028663|10|0|26|4|2|0|3|12|1|25|5|0|0|3|0|0|-1|0|0|0|0|1|-1|-1|1|0|0|-1|3|4|1.0
61|1.020371158805234|0.0065640400594642045|0|0|5|4|1|0|4|0|0|5|4|0|0|0|0|0|-3|0|0|0|0|0|0|-3|-1|-1|0|-2|3|4|1.0
28|1.469363654739627|0.028396456398524395|14|0|23|2|0|0|0|10|3|15|3|0|1|2|2|-2|10|0|0|-2|-1|-4|3|-8|1|0|1|2|3|2|-0.875
44|1.1300306670849627|-0.00302396900197599|5|0|24|9|2|0|4|6|2|21|7|3|0|0|-1|-2|2|2|-1|0|4|1|1|-4|-1|1|0|-4|3|3|-0.875
46|1.1169174695919726|-0.002598165990932655|5|0|20|8|1|0|4|4|1|19|7|2|0|5|1|-1|2|1|-2|0|-1|-2|1|-1|-1|0|0|1|3|4|1.0
41|1.060456308893148|-0.036866746781656135|8|1|18|5|4|2|2|8|1|16|7|0|0|2|-2|0|0|0|0|0|0|0|0|0|0|0|0|0|3|3|-0.875
1|0.0|NaN|0|0|0|0|0|0|0|4|0|0|0|0|0|0|0|0|0|0|0|0|0|4|0|0|0|0|0|0|0|1|0.0
48|1.0258883476483185|-5.508159074110175E-4|3|1|24|2|3|0|2|3|0|20|8|2|0|3|0|1|4|-7|1|0|-1|-1|-1|-4|6|-1|0|1|3|3|-0.875
11|1.9068033509281492|-0.351235462639214|11|0|7|0|0|0|0|15|0|6|0|0|0|0|0|0|-1|0|0|0|0|3|0|1|0|0|0|0|1|2|0.0
1|0.0|NaN|0|0|0|0|0|0|0|4|0|0|0|0|0|0|0|0|0|0|0|0|0|4|0|0|0|0|0|0|0|1|0.0
7|2.210861838304534|-0.37841447357292246|8|0|4|0|0|0|0|10|1|4|0|0|0|0|0|0|0|0|0|0|0|1|0|3|0|0|0|0|1|2|0.125
29|1.1689481012624716|0.008759480753951054|11|3|19|4|0|0|0|10|2|25|4|0|0|2|-1|0|0|0|0|0|0|1|1|0|0|0|0|1|2|2|0.375
27|1.5467927340614782|0.0265105862860886|9|2|18|5|2|0|1|16|4|19|3|0|0|2|0|0|0|0|0|0|0|1|0|3|0|0|0|0|3|2|-0.875
6|1.8975274678557508|-0.37950549357115015|7|0|4|0|0|0|0|9|0|1|1|0|0|0|0|0|3|0|0|0|0|1|0|-2|1|0|0|0|1|2|0.0
19|1.6078829724465555|-0.07621194416370902|16|0|14|1|0|0|1|13|3|10|1|0|0|2|-1|0|1|0|0|0|0|0|0|1|0|0|-1|1|2|3|-0.25
42|1.1084845044310485|-0.0327939629739229|5|1|29|4|2|0|4|9|3|24|8|2|0|6|-4|-2|7|-3|0|0|-2|3|2|-5|3|0|0|2|3|3|-0.875
32|1.2638343344836476|-0.04076884949947246|10|5|13|1|2|2|1|9|3|20|6|0|0|3|0|2|-8|-3|2|2|-2|-2|-2|8|3|-2|-2|2|3|3|-0.875
7|1.8640895967915792|0.061996396784701924|7|0|5|0|0|0|0|8|0|8|0|0|0|0|0|0|0|0|0|0|0|1|0|3|0|0|0|0|1|1|0.0
49|1.1253497066067537|-0.01124090143708023|1|0|18|4|1|0|0|4|3|25|4|5|0|6|0|0|-1|-2|0|0|0|0|-1|1|0|1|0|0|3|3|-0.75
18|1.6317572717561806|-0.012796688787240384|10|1|14|0|0|1|0|14|0|15|2|0|2|0|-1|1|0|-2|0|0|0|4|-1|0|2|0|1|0|2|2|-0.125
1|0.0|NaN|0|0|0|0|0|0|0|4|0|0|0|0|0|0|0|0|0|0|0|0|0|4|0|0|0|0|0|0|0|1|0.0
12|1.6380711874576985|-0.11305658753833558|10|1|10|0|0|0|0|11|0|12|0|0|1|0|0|1|0|0|0|-1|0|1|-1|2|0|0|1|0|2|1|-0.125
37|1.1546310635604962|-0.015801239609266382|6|2|27|5|1|0|2|10|3|27|4|2|2|2|-2|0|2|-1|0|0|0|0|0|2|0|0|0|0|3|3|-0.875
11|2.011726382226542|-0.024779435972633213|12|0|5|0|0|0|0|9|1|9|0|0|1|0|0|0|0|0|0|0|0|1|0|3|0|0|0|0|3|2|-0.375
61|1.0502376246269831|-8.372937437830519E-4|0|0|5|4|1|0|1|0|0|6|4|2|0|3|0|0|-1|0|0|0|0|0|0|-3|1|-1|0|-1|3|4|1.0
10|1.707106781186548|-0.032543690979272455|13|1|3|0|0|1|0|8|1|8|0|0|0|0|6|1|-4|0|0|1|0|-5|0|4|0|0|-1|0|2|2|-0.125
23|1.559871926186402|-0.046909449144817206|14|1|12|3|2|0|0|15|4|20|0|0|0|2|0|0|-1|0|0|0|0|3|0|1|0|0|0|0|3|2|-0.875
1|0.0|NaN|0|0|0|0|0|0|0|0|0|2|0|0|0|0|0|0|0|0|0|0|0|0|0|2|0|0|0|0|0|1|0.0
47|1.0528783271114588|-0.0011495288502492151|5|2|23|7|0|0|4|3|2|23|8|1|1|3|0|-1|0|1|0|0|0|0|0|-2|-1|-1|0|0|3|4|1.0
55|1.0376557783975542|-6.973292295842093E-4|2|0|14|7|3|0|6|0|0|11|4|2|0|2|0|0|0|-1|0|0|0|0|0|-1|-1|0|0|-1|3|4|1.0
56|1.036983353783312|-0.00820358029375301|2|0|13|8|3|0|4|0|1|11|5|3|0|4|2|-1|-1|2|0|0|0|-2|1|-3|-5|0|0|-1|3|3|-0.875
61|1.0135807725368227|-2.2634620894712576E-4|0|0|5|5|1|0|5|0|0|3|4|2|0|2|0|0|-1|-1|0|0|0|-1|0|-1|1|-1|0|1|3|4|1.0
28|1.4268158792720946|-0.01580799552859613|11|2|19|4|0|2|2|14|1|16|4|1|2|1|-3|0|4|0|0|0|1|2|-1|-3|0|1|0|-1|3|3|-0.875
32|1.2377405896597198|-0.06643854854149711|11|1|20|8|0|0|1|15|3|19|2|1|2|2|-4|-2|2|6|-1|-2|-1|3|1|0|-5|1|2|1|3|3|-0.625
57|1.0072669046030367|-1.2976615362569888E-4|1|1|14|6|2|0|1|0|1|16|4|2|0|4|0|0|-2|0|0|0|0|0|0|-1|0|0|0|0|3|3|-0.875
57|1.0436014276182204|-7.785969217539712E-4|0|1|12|5|1|0|3|1|0|11|5|3|0|2|0|0|-1|-1|0|0|0|0|0|-3|-1|-1|0|-2|3|4|1.0
42|1.155947058963918|-0.01390635661797579|4|1|18|7|0|0|5|4|1|29|4|2|0|0|0|-1|-12|3|-2|0|4|-2|0|11|-3|2|-1|-5|3|4|1.0
35|1.1989711439673614|-0.04220703298432782|11|3|18|5|0|0|0|12|2|20|4|1|1|3|0|0|-2|0|0|0|0|1|0|2|-1|1|0|0|2|3|0.625
39|1.1300273797914224|0.007478583752149381|6|3|29|5|1|0|3|6|3|19|9|1|0|3|0|0|-1|0|0|0|0|-4|1|-1|2|0|-1|1|3|3|-0.875
54|1.046023729152566|-8.683722481614975E-4|0|0|14|6|3|0|3|3|1|18|5|2|0|4|-3|-1|-4|1|1|0|0|3|1|4|-1|-2|0|1|3|3|-0.875
34|1.1268737793819046|-0.0038446599812702598|10|2|24|5|1|2|1|9|3|24|3|2|1|3|1|-1|-2|2|-1|1|-3|-1|1|-2|-2|1|-1|2|3|4|1.0
29|1.1058988900643267|0.011011238296741555|13|1|14|2|1|0|0|8|2|10|4|1|0|0|-1|0|0|0|0|0|0|-3|1|-1|0|1|0|0|3|3|-0.5
4|3.3988103951543103|0.24143174348778373|2|0|5|0|0|0|0|8|0|0|0|0|1|0|-2|0|5|0|0|0|0|6|0|-5|0|0|1|0|1|1|0.0
60|1.0304737854124364|-5.165048374988768E-4|0|0|9|1|3|0|1|0|0|9|0|3|0|1|0|0|0|-1|1|0|-1|0|0|-2|-2|0|0|-1|3|4|1.0
29|1.3943491722019734|7.094425061113796E-4|8|1|21|7|0|0|3|18|3|14|4|0|2|2|-1|0|1|0|0|0|0|0|1|-2|1|0|0|1|2|2|-0.875
21|1.5248529729278157|-0.005531970527736352|14|4|13|1|0|0|2|11|2|19|1|0|2|1|-1|0|1|0|0|-1|0|1|0|1|0|0|1|0|2|2|-0.75
2|3.1622776601683795|3.1622776601683795|4|0|0|0|0|0|0|4|0|0|0|0|0|0|4|0|0|0|0|0|0|0|0|0|0|0|0|0|1|1|0.0
7|1.6629980463982077|0.24987993562836208|7|1|3|0|0|0|0|9|1|4|0|0|0|0|0|0|0|0|0|0|0|2|1|0|0|0|0|0|2|2|0.0
35|1.201842717207028|0.02347521419979315|11|3|18|4|1|1|0|12|1|21|4|4|2|1|0|0|0|0|0|0|0|1|0|-1|-1|2|1|1|3|3|-0.5
28|1.317839104878988|0.062302255374852455|13|2|20|3|0|1|0|9|3|23|2|0|0|0|4|-1|-1|0|0|1|0|-4|1|3|-1|0|-1|0|3|3|-0.75
61|1.0203711588052342|-3.395193134205776E-4|1|0|11|0|3|0|2|0|0|5|0|1|0|0|0|0|0|0|-1|0|0|0|0|-1|-2|0|0|-1|3|4|1.0
53|1.0234460507003638|-4.5088559039174747E-4|3|1|22|6|2|0|6|4|0|14|8|0|1|4|0|0|0|0|-1|0|0|0|0|-2|-1|0|0|0|3|3|-0.875
8|3.5878507038182623|-0.10848908272458146|11|1|2|0|0|0|0|10|1|2|1|0|0|1|3|1|0|-1|0|0|0|-1|0|0|1|0|0|1|2|2|0.0
15|1.5376330068163988|-0.16853481585307795|16|0|10|1|0|0|0|10|2|15|0|0|0|1|-2|0|2|0|0|0|0|2|0|2|0|0|0|0|2|2|0.0
5|2.788854381999832|-0.829179606750063|8|0|0|0|0|0|0|3|0|9|0|0|0|0|0|0|0|0|0|0|0|1|0|3|0|0|0|0|1|1|-0.125
28|1.1601886205085203|0.009408331180169371|8|2|17|7|2|0|3|11|2|22|4|0|1|2|-2|1|-4|3|2|0|2|2|0|6|-3|-2|1|-1|3|3|-0.875
1|0.0|NaN|0|0|0|0|0|0|0|1|0|3|0|0|0|0|0|0|0|0|0|0|0|1|0|3|0|0|0|0|0|1|0.0
37|1.137055886807175|-0.003807107966866008|4|2|27|5|0|0|3|6|4|33|3|0|0|6|0|0|-3|0|0|0|0|1|0|3|0|0|0|0|2|3|-0.875
57|1.0072669046030367|-1.2976615362569888E-4|1|0|11|2|2|0|0|0|1|12|5|2|0|3|-1|0|0|-1|-1|0|-1|-1|0|-3|0|1|0|1|3|3|-0.875
18|1.7013954666712516|-0.041258556863014606|15|3|11|0|0|1|4|15|0|11|3|0|0|0|2|3|0|-2|0|1|4|0|-3|-1|3|0|-1|-4|2|2|-0.625
18|1.383305274256204|-0.022547369073894208|14|1|13|0|0|1|0|14|1|14|1|0|0|1|-1|0|2|-1|0|1|0|-1|0|2|1|0|-1|1|2|2|0.0
26|1.4535545062924553|-0.0344478143618423|15|2|21|2|0|3|1|8|2|25|3|0|0|0|6|1|-2|-1|0|3|1|-7|-1|4|2|0|-3|-1|3|3|-0.5
43|1.1931892044038432|-0.028409266771519892|6|2|20|6|2|0|1|5|0|24|6|3|0|1|-2|-1|1|0|0|-1|-2|0|0|0|-2|1|0|0|3|3|-0.875
26|1.2903760183263289|-0.05161504073305334|12|2|15|4|0|0|0|12|0|19|3|0|0|1|1|1|-5|2|0|0|-1|-1|-2|4|-1|0|0|1|3|3|-0.875
23|1.2024719238909731|-0.009203269267771486|10|1|16|3|0|0|2|9|0|22|3|0|0|0|0|0|-1|0|0|0|0|0|0|3|0|0|0|0|2|3|-0.5
46|1.066762343736206|-0.0014836076385824626|6|2|24|5|4|0|4|5|1|26|2|1|1|1|0|2|-2|3|3|-1|4|-1|-1|1|-5|-3|1|-3|3|3|-0.875
1|0.0|NaN|0|0|0|0|0|0|0|4|0|0|0|0|0|0|0|0|0|0|0|0|0|4|0|0|0|0|0|0|0|1|0.0
4|3.5|0.05848155988774684|1|0|6|0|0|0|0|5|0|3|0|0|0|0|-3|0|6|0|0|0|0|4|0|-3|0|0|0|0|1|1|0.0
21|1.5355494095357831|0.02322252952321091|15|3|15|1|0|0|2|9|1|12|3|0|0|1|0|0|0|0|0|0|0|0|0|0|1|0|0|0|2|3|-0.75
34|1.2392812621797489|-0.007250947338780289|11|3|18|5|1|2|2|8|3|32|7|0|0|1|5|0|-14|-1|1|2|1|-3|0|13|2|-1|-2|-1|3|2|-0.875
39|1.166289266006117|0.0065243235886045525|6|1|24|5|0|0|3|13|2|15|4|4|3|3|0|0|0|-1|0|0|0|-2|0|0|0|1|0|1|3|3|-0.875
26|1.429908360847424|0.03224638466609475|11|1|14|7|0|0|1|11|5|20|2|0|0|6|-1|-3|-3|5|0|0|-5|0|4|6|-5|0|0|5|2|2|-0.375
36|1.0575296614407077|-0.0016437046125916677|10|3|21|7|0|0|3|12|1|22|5|0|2|0|-1|2|-3|3|0|-1|3|1|-2|0|-2|0|2|-3|2|3|-0.75
46|1.084628744065047|-0.011085384587514513|5|5|24|2|2|0|5|3|1|18|9|3|0|1|2|4|5|-6|-1|0|5|-4|-4|-4|7|0|-1|-6|3|4|1.0
50|1.0861427157873051|-0.02216617787321029|2|1|20|8|3|0|8|2|0|18|8|2|0|3|0|1|3|0|1|0|5|-1|-1|-2|0|-1|0|-5|3|3|-0.875
26|1.7337350891786412|-0.01278086107222176|19|5|10|3|1|2|2|12|2|14|3|1|1|1|7|3|-7|1|1|1|2|-7|-3|4|0|1|-1|-1|3|3|-0.875
11|1.7693491581740135|-0.22414851131735936|13|0|5|0|0|1|0|9|0|12|0|0|1|0|-1|0|1|0|0|-1|0|2|0|1|0|0|0|0|1|2|-0.125
48|1.0897319956117764|0.0069038631225812885|4|1|16|4|3|0|5|6|2|17|10|1|1|3|-2|-1|-4|-7|2|-1|0|2|1|-1|6|-2|1|-2|3|4|1.0
10|2.052733584216013|0.020370488142642085|5|0|8|2|0|1|0|11|0|7|0|0|1|0|-2|0|1|2|0|1|0|6|0|-1|-2|0|0|0|2|2|0.0
57|1.0175438596491229|-0.007709953964682326|0|0|13|4|0|0|1|1|0|14|2|2|0|1|-1|0|1|-2|0|0|0|0|-1|-1|0|1|0|0|3|3|-0.875
32|1.1841538195935053|-0.07045657482559697|11|2|25|5|0|1|1|12|1|26|3|1|1|1|-1|1|3|2|-1|0|0|1|-1|0|-2|1|0|0|2|3|-0.625
38|1.2005485339039477|-0.032447257673079655|9|3|24|7|1|1|5|10|0|19|7|1|0|2|-1|3|6|-2|0|1|3|-1|-3|-3|0|0|-1|-3|3|3|-0.875
24|1.3658029893485353|-0.015904477797762384|13|0|21|4|0|1|1|13|2|18|2|0|1|1|0|-2|5|3|0|0|0|-1|1|-3|-1|0|0|0|2|3|-0.625
20|1.459674265336897|-0.045648164110026146|15|1|12|4|0|2|0|10|2|19|0|0|1|1|4|0|-6|4|0|1|-1|-6|1|8|-4|0|-1|1|2|2|0.0
17|1.60877589748746|0.039205755000770504|11|0|15|0|1|0|0|16|1|13|0|0|0|0|0|0|0|0|0|0|0|1|0|3|0|0|0|0|3|2|-0.375
35|1.4772994693438124|-0.043449984392464946|12|3|19|5|0|1|2|17|2|17|5|3|3|5|0|-1|0|1|0|0|0|2|-1|-1|1|1|2|0|3|3|-0.875
20|1.6714776642118863|0.01729064925200574|18|2|15|1|0|0|2|6|2|20|2|0|0|1|12|0|-3|0|0|0|1|-12|0|5|1|0|0|-1|2|2|-0.625
34|1.3189343190179652|0.013484778893401383|9|4|18|4|1|0|3|11|1|23|4|1|0|2|-3|4|-4|0|0|0|2|2|-3|5|0|0|0|-1|3|3|-0.875
49|1.0373148392805345|-7.773924850109637E-4|1|0|16|4|6|0|5|6|0|19|3|3|2|0|-1|0|-1|0|0|0|0|0|0|0|1|-1|0|0|3|4|1.0
28|1.4000020720127655|-0.021169442491354662|11|2|25|2|0|1|0|20|2|14|2|3|2|4|-11|0|11|0|-2|-3|-3|8|0|-10|0|3|1|4|2|3|0.625
48|1.0726100286299702|-0.01035794874474627|5|0|15|5|4|0|0|4|1|20|8|3|0|7|0|-1|-5|-2|2|0|-6|-1|1|5|1|-1|0|7|3|3|-0.875
8|2.0486313028228427|-0.09063110577853495|10|0|6|0|0|0|0|8|0|7|0|0|0|0|3|0|1|0|0|0|0|-3|0|2|0|0|0|0|1|1|0.0
16|1.695391731189127|-0.0019494844407543788|11|1|14|0|0|1|0|15|1|10|1|0|0|1|-2|1|4|-1|0|1|0|4|0|-4|1|0|-1|1|2|2|0.0
47|1.0440652725928825|0.00804670195174384|2|0|25|6|2|0|3|7|1|18|7|2|0|4|-1|0|1|0|0|0|0|1|-1|0|0|0|0|0|3|4|1.0
4|3.1761426972641935|0.1431361927332655|8|0|0|0|0|0|0|8|0|0|0|0|0|0|4|0|0|0|0|0|0|0|0|0|0|0|0|0|1|1|0.0
44|1.0697969957242153|-0.020888933034195478|3|1|19|11|1|0|6|7|0|25|10|0|0|5|-4|1|-5|1|1|0|1|3|-1|7|-2|-1|0|-2|3|3|-0.875
14|1.8698298130023583|-0.3079419333435973|8|1|10|3|0|0|0|15|0|6|1|0|3|0|-4|1|3|2|0|-1|0|6|-1|-3|-2|0|3|0|2|2|0.0
63|1.0|0.0|0|0|2|0|1|0|0|0|0|1|1|0|0|0|0|0|-4|0|0|0|0|0|0|-3|0|0|0|0|3|3|-1.0
60|1.0138071187457698|-2.3401896179264803E-4|1|0|8|3|0|0|3|0|0|3|7|0|0|4|1|0|4|-4|0|0|0|-1|0|-6|3|-1|0|0|3|3|-0.875
19|1.607537040361319|-0.010740193221567829|10|0|17|2|0|0|0|19|0|13|3|0|1|0|0|0|-1|0|0|0|0|2|0|0|1|0|0|0|2|2|0.0
46|1.0885014741709886|-0.0019666994260219006|3|1|22|9|3|0|4|6|1|20|3|3|1|3|-3|0|1|5|1|-1|1|2|-1|-3|-5|0|1|-2|3|3|-0.875
42|1.1067924136723468|-0.0026046930163987625|7|2|17|9|1|0|1|4|3|18|8|2|0|6|1|0|-1|1|-1|0|-5|-3|1|-1|-1|1|0|5|3|4|1.0
42|1.082982889862823|-0.012126742737461393|9|0|27|6|0|1|1|2|1|20|8|3|0|4|6|-1|8|-2|-3|1|-1|-8|1|-6|1|3|-1|3|2|4|1.0
28|1.1540610178208845|-0.021047206673851182|11|1|17|7|0|1|1|15|1|19|4|0|1|1|-5|0|-1|3|0|-1|0|3|0|1|-3|0|0|0|2|3|-0.375
48|1.0517766952966368|-0.009914686333398537|5|1|13|5|2|0|2|4|1|22|11|3|0|5|1|1|-9|-6|-1|0|-3|-1|-1|9|7|0|0|3|3|3|-0.875
41|1.4079980990575085|-0.022835537743337797|9|1|21|6|1|0|1|8|3|20|2|4|2|5|0|0|-1|-1|0|0|0|1|0|1|-1|0|0|0|3|4|1.0
44|1.0697969957242153|-0.015246126357002954|2|4|32|6|2|0|5|5|3|24|5|1|1|6|-4|2|9|1|1|-1|0|2|-1|-9|-1|-1|1|1|3|3|-0.875
36|1.207924482617738|-0.005940699503363955|9|4|22|2|1|0|2|9|0|20|8|2|0|2|-1|4|0|-5|0|0|1|-1|-4|-1|5|1|0|0|3|3|-0.875
22|1.4230516267893305|-0.0677643631804441|17|0|13|2|0|3|1|14|2|7|3|1|2|0|3|-1|5|0|-1|2|1|-4|2|-6|1|1|-1|-1|3|3|-0.75
1|0.0|NaN|0|0|0|0|0|0|0|4|0|0|0|0|0|0|0|0|0|0|0|0|0|4|0|0|0|0|0|0|0|1|0.0
2|2.0|2.0|4|0|0|0|0|0|0|4|0|0|0|0|0|0|4|0|0|0|0|0|0|0|0|0|0|0|0|0|1|1|0.0
34|1.2634534508599455|-0.02053536403736489|10|1|24|5|2|0|1|10|2|22|7|1|1|5|1|-1|2|-1|1|0|-3|-2|0|0|3|-1|1|3|3|3|-0.875
26|1.2810436842063562|0.028758252631745584|11|3|21|2|1|0|1|9|0|25|2|0|0|2|2|3|-4|1|1|0|0|-2|-3|4|0|-1|0|1|3|2|-0.875
46|1.127134607882245|-0.02123470516952053|3|1|18|7|2|0|5|4|1|13|10|2|0|8|-1|0|4|-3|1|0|-2|1|0|-8|2|0|0|2|3|3|-0.875
55|1.0407752852203505|-0.05301166111753797|1|0|13|5|2|0|0|1|0|23|6|3|0|6|0|0|-3|0|0|0|0|0|0|2|-1|1|0|0|3|3|-0.875
3|2.433521026581923|0.19745304908213335|4|0|0|0|0|0|0|5|0|2|0|0|0|0|0|0|0|0|0|0|0|1|0|2|0|0|0|0|1|1|0.0
39|1.161721430496545|-0.004255827118330169|7|1|20|6|1|0|2|8|3|25|6|2|1|3|0|0|-1|0|0|0|0|2|0|-2|1|0|0|0|3|3|-0.875
52|1.0590589963820283|-0.0011580195369025326|3|1|15|3|5|0|3|1|1|18|9|1|0|5|2|0|-2|-6|4|0|-2|-2|0|2|5|-4|0|2|3|3|-0.875
39|1.146869796445073|-0.003864994643291375|7|0|27|7|2|0|1|6|1|25|7|1|0|5|0|0|-2|-1|0|0|-1|-2|-2|0|1|0|0|0|3|4|1.0
2|5.830951894845301|5.830951894845301|4|0|0|0|0|0|0|1|0|2|0|0|0|0|4|0|0|0|0|0|0|-3|0|2|0|0|0|0|1|1|-0.125
24|1.304737854124365|-0.013249471918450828|11|5|14|2|0|1|2|16|1|14|3|1|1|3|-3|4|0|0|-1|0|1|4|-4|1|1|1|0|1|2|3|-0.625
1|0.0|NaN|0|0|0|0|0|0|0|4|0|0|0|0|0|0|0|0|0|0|0|0|0|4|0|0|0|0|0|0|0|1|0.0
38|1.1770505805620488|-0.01598011197122018|9|2|19|4|3|0|1|7|1|23|8|0|0|1|1|1|-3|-3|3|0|1|-2|-1|4|4|-2|0|0|3|3|-0.875
9|1.8636332260828168|-0.5132842391502626|9|0|5|0|0|0|0|14|2|2|0|0|1|0|0|0|-1|0|0|0|0|3|0|1|0|0|0|0|1|2|0.25
11|2.9891953571489043|-0.21475761041851227|8|0|9|0|0|2|0|14|0|6|0|0|1|0|0|0|0|0|0|0|0|3|-1|0|0|0|0|0|1|3|0.375
43|1.1371975566653874|0.006595619183516588|6|1|22|6|2|0|3|7|3|30|6|1|1|4|0|0|-1|0|-1|0|-1|0|1|0|0|0|1|1|3|4|1.0
45|1.0184094916610262|-0.032559614864412056|5|0|26|8|1|0|1|3|2|25|7|1|0|3|-2|0|0|0|0|-1|0|0|0|1|0|0|0|0|3|3|-0.75
52|1.0748638889806186|-0.009589753948112012|3|0|19|4|3|0|4|0|2|19|7|1|0|4|3|-2|3|-4|2|0|1|-4|2|1|3|-2|0|0|3|3|-0.875
8|4.07708388525973|0.2865255207197843|4|1|9|0|0|0|1|7|0|8|0|0|0|0|-2|1|4|0|0|0|1|3|-1|-1|0|0|0|-1|2|1|-0.25
14|1.7780658733565837|-0.2717463600593355|6|1|14|2|0|0|1|10|1|9|3|0|0|0|-1|0|6|-1|0|0|1|3|0|-4|1|0|0|-1|2|2|-0.375
47|1.0565288138189868|-0.0012288872569343745|4|0|18|7|1|0|2|7|1|24|8|0|2|6|0|-1|-1|1|0|0|0|-1|0|1|1|-1|0|4|3|4|1.0
58|1.0142832262887274|-2.5058291734603166E-4|1|0|8|6|1|0|1|0|0|11|9|0|0|3|1|0|-4|-4|1|0|-2|-1|0|2|3|-1|0|2|3|3|-0.875
30|1.4156471149844547|-0.028615885426122478|7|2|30|5|0|1|3|7|6|22|1|1|0|0|1|-6|9|4|-1|1|1|-3|4|-5|-4|1|-2|-3|2|4|1.0
59|1.040918873938527|-0.007847110970890192|0|0|7|3|1|0|0|0|0|8|3|2|0|2|0|0|-2|0|-1|0|-1|0|0|-2|0|0|0|0|3|3|-0.875
7|2.6490291095521505|-0.5980718200730548|7|0|4|0|0|0|0|7|0|7|0|0|0|0|-1|0|1|0|0|0|0|1|0|1|0|0|0|0|1|1|0.0
1|0.0|NaN|0|0|0|0|0|0|0|4|0|0|0|0|0|0|0|0|0|0|0|0|0|4|0|0|0|0|0|0|0|1|0.125
30|1.279273453374358|0.024852639538815335|15|0|18|5|0|1|2|11|0|22|5|0|1|1|5|0|-2|-1|0|0|1|-4|0|4|0|0|0|-1|3|3|-0.75
23|1.4612042986570017|0.024490713697409072|12|2|13|2|0|1|1|10|4|9|7|1|0|1|0|0|0|0|0|0|0|0|1|-2|2|0|0|1|3|3|-0.875
11|1.7175383842720153|0.2282461615727982|10|1|7|0|0|0|0|18|0|4|0|0|0|0|0|0|0|0|0|0|0|4|0|0|0|0|0|0|2|1|-0.125
7|4.397409874642865|-0.1977178872858154|9|0|3|0|0|1|0|4|1|8|1|0|0|0|0|0|0|0|0|0|0|3|0|-1|1|0|0|0|1|2|-0.125
12|1.3535533905932737|-0.22871191370560506|8|1|11|0|0|0|0|5|0|16|0|0|1|0|6|1|-4|0|0|-1|0|-4|-1|6|0|0|1|0|2|1|-0.125
61|1.020371158805234|-3.395193134205776E-4|0|0|5|4|2|0|4|0|0|2|5|0|0|1|-1|0|-1|0|0|0|0|0|0|-4|0|-1|0|-1|3|4|1.0
19|1.722327988689958|-0.07625608492015812|14|1|16|0|0|2|0|14|6|9|1|0|0|1|-1|0|1|0|0|0|0|0|0|1|0|0|0|0|2|2|0.25
21|1.3619583885472164|-0.03880859754601551|20|0|16|0|1|2|0|8|2|18|2|0|1|0|-1|0|1|0|0|0|0|1|0|2|0|0|0|0|3|3|-0.5
3|3.1573786516665265|-1.8426213483334735|1|0|2|0|0|0|0|5|0|3|0|0|0|0|0|0|0|0|0|0|0|1|0|3|0|0|0|0|1|1|0.0
50|1.1061427157873052|-0.010619515880824437|2|2|16|4|4|0|4|7|0|16|5|4|0|1|-5|2|-1|-1|0|0|2|5|-2|-1|0|0|0|-4|3|4|1.0
52|1.1167513040743358|-0.015039859685239909|2|0|19|6|3|0|3|2|2|14|7|4|0|6|-1|-1|7|-1|-1|0|-3|0|1|-7|2|1|0|2|3|3|-0.875
60|1.0345177968644246|-0.007605616258262948|0|0|6|7|0|0|5|1|0|7|4|4|0|7|-2|-1|-1|4|-3|0|-1|1|0|-1|-4|4|0|1|3|3|-0.875
26|1.3195052226678947|-0.029348751401639728|13|0|21|4|1|0|0|17|2|16|2|0|0|0|-3|-1|6|2|1|0|0|3|2|-4|-2|-1|0|0|3|3|-0.5
35|1.257768926613832|-0.04393637953275342|10|1|23|4|1|1|2|14|2|27|5|2|1|3|-1|0|1|0|0|0|0|0|0|3|0|0|0|0|3|3|-0.875
28|1.4709611641828013|-0.05448004311788157|13|2|18|6|2|1|1|12|2|27|2|0|2|0|3|0|-7|4|2|0|1|-3|0|11|-4|-2|1|-1|3|2|-0.625
33|1.2036772530829805|0.024885085841156895|9|3|19|5|0|0|3|15|2|23|6|1|1|4|0|0|0|0|0|0|0|0|1|-2|2|0|0|1|3|3|-0.75
62|1.0389389284253725|-6.383430889405073E-4|0|0|5|1|1|0|1|0|0|4|1|1|0|1|0|0|0|-1|0|0|0|0|0|-6|0|0|0|0|3|3|-0.875
31|1.1847716793986407|0.007648062765815089|11|2|14|4|1|1|3|11|4|24|2|1|0|0|-1|-1|1|1|0|0|0|1|0|1|1|0|0|0|3|3|-0.875
53|1.1334163738087824|0.01666506973444659|0|0|16|9|7|0|6|2|0|10|8|3|0|3|0|0|0|0|0|0|0|0|0|-2|0|-1|0|0|3|4|1.0
33|1.2694824917270355|-0.008421327866469763|10|0|14|8|0|1|2|12|0|15|9|1|0|2|-1|0|0|0|0|0|0|-2|0|1|2|0|0|0|3|3|-0.875
6|3.5393446629166316|-2.077207843143012|5|0|6|0|0|0|0|5|0|5|0|0|0|0|1|0|4|0|0|0|0|0|0|-1|0|0|0|0|1|1|0.0
58|1.0142832262887274|-2.5058291734603166E-4|2|0|7|5|5|0|5|1|0|12|2|1|0|1|1|0|-7|2|3|0|3|-2|0|5|-4|-4|0|-4|3|4|1.0
13|1.7157276917598405|-0.09416177117774471|10|1|10|0|0|2|1|12|3|8|1|0|0|0|-2|0|2|0|0|0|0|-1|1|1|1|0|0|0|2|2|-0.5
8|2.769415968993567|0.008069483664787214|10|0|4|0|0|0|0|8|2|3|0|0|0|1|4|-1|1|0|0|0|0|-2|2|-1|0|0|0|1|1|2|0.125
60|1.0304737854124364|-0.007537073691280094|0|0|12|2|0|0|1|0|0|8|2|0|0|0|0|0|4|-1|0|0|1|0|0|-7|-1|-1|0|-2|3|3|-0.875
29|1.2460538935900503|-0.008787639056787588|10|0|17|6|0|1|3|11|3|22|3|1|1|1|-1|0|1|0|0|0|0|0|0|-1|0|0|0|0|3|3|-0.875
52|1.0318625817210072|-6.24756504333579E-4|5|0|16|3|2|1|3|1|1|22|6|4|0|5|4|-1|-7|-4|-1|1|-2|-4|1|5|2|2|-1|2|3|3|-0.875
20|1.489620858180192|-0.0039688050424788734|15|1|12|3|0|1|1|11|0|14|3|0|1|0|5|1|-1|1|0|0|1|-6|-1|4|0|0|0|-1|2|2|-0.375
27|1.3013171449670908|0.004342169900230841|13|0|22|1|0|3|0|14|4|12|4|0|1|2|0|0|-1|0|0|0|0|0|0|-1|1|0|0|0|3|2|-0.5
7|4.347464335260911|0.1252591963886447|9|0|2|0|0|0|0|6|0|4|1|1|0|0|0|0|0|0|0|0|0|0|-1|2|0|1|0|0|1|3|0.0
53|1.0468921014007277|-0.028098185841804124|2|0|13|3|3|0|0|3|2|19|7|5|0|9|0|0|-1|0|-2|0|0|0|0|0|0|0|0|0|3|3|-0.875
45|1.0682459513747884|-0.01096498894881548|2|6|22|3|1|0|6|6|3|23|4|2|2|6|-1|0|-2|-1|0|-1|-1|1|0|-1|0|0|1|0|3|3|-0.875
19|1.5703786387890175|-0.03168770215494532|12|2|17|0|0|2|0|13|0|18|1|1|0|0|0|0|0|0|0|0|0|0|0|3|0|0|0|0|2|3|0.0
41|1.218313283405333|-0.01581317114446068|6|2|27|4|1|1|3|8|2|25|8|0|2|2|-2|0|0|0|0|0|0|0|-1|1|0|0|0|-1|3|4|1.0
46|1.0756241014047625|-0.0016805355867723915|2|1|17|10|1|0|4|7|0|19|7|2|0|2|-5|0|-3|3|-1|0|2|4|-1|3|-4|1|0|-2|3|3|-0.875
63|1.0131496369007331|-2.1209091775364897E-4|0|0|0|2|0|0|0|0|0|1|2|0|0|0|0|0|-3|0|0|0|0|0|0|-3|-1|0|0|-1|3|4|1.0
41|1.0992943368747676|-0.0024823584218691686|6|2|23|4|1|0|2|7|1|25|8|2|1|7|-1|0|1|0|0|0|0|0|0|-2|0|0|0|0|3|3|-0.875
7|1.6480901510350798|0.097996304410785|5|0|5|0|0|0|0|8|1|4|0|0|0|0|0|0|0|0|0|0|0|0|0|3|0|0|0|0|1|2|0.0
30|1.4321330012952547|-0.02673375006216805|8|2|18|4|1|0|0|15|2|15|6|2|0|2|-6|1|4|-2|-1|0|-1|7|0|-3|2|1|0|2|3|3|-0.375
27|1.264036674240443|-0.04861679516309403|13|1|22|2|0|1|0|11|0|23|4|0|1|0|0|0|-3|0|0|0|0|0|0|2|1|0|0|0|3|3|-0.75
19|1.3534092969536247|-0.01963384983075689|11|2|17|0|0|0|1|17|0|13|0|1|0|0|-1|0|1|0|0|0|0|1|0|0|0|1|0|0|2|3|-0.5
48|1.110702260395516|-0.002355367242457662|3|0|23|7|4|0|5|5|1|19|8|2|0|3|-3|-1|5|0|2|0|2|2|1|-8|1|-2|0|-2|3|3|-0.875
13|1.625306938807074|-0.18053025933542344|9|1|12|0|0|0|0|10|0|9|1|0|1|0|0|0|-1|0|0|0|0|2|-1|1|0|0|0|0|2|3|0.375
24|1.5916690840148933|0.02801734319499527|9|1|13|7|1|0|1|15|3|13|4|0|0|2|-6|-2|2|3|1|0|-1|6|2|0|-3|-1|0|1|3|4|1.0
36|1.1771723222564094|-0.005062066350183025|10|3|30|4|0|1|4|9|1|21|7|1|1|2|-1|2|10|-2|-1|0|3|-2|-2|-8|3|1|0|-2|3|3|-0.875
46|1.124377159820399|0.006440808945615606|6|2|19|8|2|1|7|6|1|20|9|4|0|6|-1|1|-1|-1|-1|1|3|-2|-1|3|1|2|-1|-1|3|3|-0.875
6|1.9327093433964266|-0.45331197576372273|5|0|6|0|0|0|0|5|0|5|0|0|0|0|1|0|2|0|0|0|0|0|0|-2|0|0|0|0|1|1|0.0
36|1.3090629916396117|-0.008830371189703312|12|0|26|6|1|3|3|11|2|14|9|2|0|4|2|-2|11|-1|-1|3|0|-1|2|-13|3|1|-3|1|3|3|-0.875
27|1.3052829884118256|0.026719885061083692|12|1|21|1|1|1|1|16|2|18|3|0|0|2|0|0|0|0|0|0|0|1|0|1|0|0|0|1|3|2|-0.5
12|1.6760935233155863|-0.1827221871579796|15|0|5|0|0|3|0|13|0|7|0|1|1|0|3|0|0|0|-1|2|0|-2|0|1|0|1|-2|0|1|3|-0.125
4|2.3742440231678286|-3.7891161038099037|0|1|3|0|0|0|0|6|0|2|0|0|0|0|-4|1|3|0|0|0|0|6|-1|-2|0|0|0|0|2|1|0.0
6|2.4390689358613264|-1.429454573672139|5|0|5|0|0|0|0|9|0|2|0|0|0|0|-3|0|5|0|0|0|0|4|0|-3|0|0|0|0|1|1|0.0
45|1.1179363508747835|0.00673357298859778|2|2|23|7|3|0|2|5|4|24|4|1|1|4|0|-1|0|1|0|0|0|-1|1|-1|0|0|0|0|3|4|1.0
43|1.1099516758455312|-0.012480124719491226|5|4|18|6|2|1|3|8|1|25|8|0|0|5|0|-1|-1|1|0|0|0|-2|0|1|0|0|-1|1|3|3|-0.875
49|1.066176340553455|-0.0013786737615302247|2|0|19|4|2|0|2|8|0|20|7|1|0|4|-1|0|1|0|0|0|0|0|0|2|0|0|0|0|3|3|-0.875
55|1.0225934670385324|-4.1839753775052557E-4|1|3|13|6|1|0|2|1|0|16|4|1|0|0|0|0|-3|0|0|0|0|0|0|0|0|0|0|0|3|3|-0.875
32|1.2852809438903738|-0.06797210835538925|10|2|19|3|1|0|1|8|2|29|3|1|0|0|4|0|-9|0|-1|0|1|-3|0|11|-1|0|0|-1|3|4|1.0
14|1.7440291332141957|-0.13415608717032268|10|0|16|0|0|1|0|7|0|16|1|0|0|0|3|0|2|-1|0|1|0|-4|0|1|1|0|-1|0|1|2|-0.125
53|1.0501293254621202|-9.640254896561284E-4|1|1|12|5|1|0|1|2|0|16|5|4|0|5|0|0|-2|-1|-1|0|0|0|0|0|0|0|0|1|3|3|-0.875
23|1.305014770515854|-0.02166307480771179|11|2|17|2|1|2|0|12|1|19|2|0|1|1|0|0|-1|0|0|0|0|-2|1|1|0|0|0|1|3|2|-0.625
52|1.0238969362907555|-4.685673782500732E-4|4|0|19|6|2|0|2|1|1|16|2|4|0|2|2|-1|0|4|-2|0|0|-5|1|-2|-4|2|0|0|3|4|1.0
1|0.0|NaN|0|0|0|0|0|0|0|4|0|0|0|0|0|0|0|0|0|0|0|0|0|4|0|0|0|0|0|0|0|1|0.0
8|3.7848100108180995|0.048327944971366055|4|1|9|0|0|0|1|8|0|3|1|0|0|0|-5|1|7|0|0|0|1|4|-1|-6|1|0|0|-1|2|2|-0.25
16|1.6437851924841105|-0.04291901283227406|15|2|9|1|0|1|0|12|1|15|1|0|0|0|4|2|-5|0|0|1|0|-3|-2|6|1|0|-1|0|2|2|-0.125
57|1.0072669046030367|-1.2976615362569888E-4|0|0|14|4|0|0|1|1|1|16|3|2|0|3|0|0|-2|0|-2|0|-2|-1|0|-2|-1|1|0|-1|3|4|1.0
56|1.04004715512713|-7.281300932204804E-4|2|1|11|3|1|0|1|1|0|15|9|0|0|2|1|1|-6|-6|1|0|-1|-1|-1|3|5|-1|0|1|3|3|-0.875
63|1.0487471081248487|-7.862436794330296E-4|0|0|1|1|0|0|0|0|0|2|3|1|0|3|0|0|-2|-1|0|0|0|0|0|-3|0|-1|0|-1|3|4|1.0
1|0.0|NaN|0|0|0|0|0|0|0|4|0|0|0|0|0|0|0|0|0|0|0|0|0|4|0|0|0|0|0|0|0|1|0.0
54|1.0753901446641754|-0.001422455559701552|2|0|14|5|5|0|2|0|0|18|4|2|0|1|2|0|-4|-1|3|0|-1|-2|-1|3|-1|-3|0|-1|3|4|1.0
62|1.036171623985795|0.006197408826021489|0|0|3|3|1|0|2|0|0|5|3|0|0|1|0|0|-3|-3|0|0|-3|0|0|0|0|-1|0|-2|3|4|1.0
51|1.0649746764506813|-0.0095837647764756|7|1|10|6|1|1|5|3|0|22|7|5|0|5|0|-1|0|1|-1|0|-2|0|0|1|0|-2|0|0|3|4|1.0
56|1.0147933415133248|-0.007800125525207591|1|2|12|4|1|0|5|0|1|12|5|4|0|6|1|1|-1|-1|-4|0|-1|-1|-2|-4|1|3|0|0|3|4|1.0
24|1.6582931909250807|-0.028621443083699072|8|2|14|1|3|2|0|16|2|13|3|1|4|2|-8|0|2|-1|2|-2|-2|8|0|-2|2|-2|2|2|3|3|-0.875
24|1.486341415473209|-0.028604969162044247|14|3|11|4|1|0|1|19|2|14|3|1|2|0|-5|2|-2|0|1|-2|1|4|-1|4|-1|0|2|-1|3|3|-0.75
48|1.0983614448278824|-0.010905851217042128|4|3|19|8|3|1|5|4|2|21|5|1|0|5|1|1|-3|4|2|1|1|-1|-1|1|-4|-2|-1|-1|3|3|-0.875
61|1.0067903862684113|-1.1317310447345186E-4|0|0|8|3|2|0|3|0|0|8|3|0|0|2|0|0|-3|-1|0|0|-1|0|0|-1|-2|0|0|-1|3|4|1.0
12|1.3244101855826809|-0.14186165118931537|15|0|7|1|0|2|0|14|0|9|0|0|1|0|1|0|2|1|0|1|0|-2|0|3|-1|0|-1|0|2|1|-0.125
12|1.6100273264652378|0.18141126809079533|8|1|9|1|0|0|0|8|0|11|2|0|1|0|1|1|1|-1|0|-1|0|0|-1|2|1|0|1|0|2|2|-0.125
6|3.331784130819095|-0.4320422511130566|6|0|5|0|0|0|0|8|0|2|0|0|1|0|2|0|3|0|0|0|0|2|0|-3|0|0|1|0|1|1|0.0
62|1.0133617278184868|-2.1904471833589234E-4|0|0|5|2|0|0|1|1|0|3|3|0|0|1|-1|0|-3|-1|0|0|0|1|0|-5|1|0|0|0|3|3|-0.875
51|1.0519663047033898|-0.01760786858899177|3|0|21|4|3|0|1|2|2|21|8|2|0|5|-2|0|2|-1|0|0|-1|0|0|0|-1|0|0|0|3|3|-0.875
1|0.0|NaN|0|0|0|0|0|0|0|4|0|0|0|0|0|0|0|0|0|0|0|0|0|4|0|0|0|0|0|0|0|1|0.0
14|1.8122593494008032|-0.09383847708880011|7|0|11|2|1|0|0|15|1|8|0|0|2|0|-5|-1|4|2|1|-1|0|8|1|-4|-2|-1|2|0|3|2|-0.5
51|1.1074256600905699|-0.0021485132018113084|1|2|18|7|0|0|3|2|1|15|7|3|0|4|0|0|-1|-1|0|0|0|0|0|-1|0|0|0|0|3|4|1.0
1|0.0|NaN|0|0|0|0|0|0|0|1|0|3|0|0|0|0|0|0|0|0|0|0|0|1|0|3|0|0|0|0|0|1|0.0
42|1.1559470589639176|-0.03395158625521266|11|2|13|3|4|0|4|3|3|29|7|3|0|6|9|-1|-15|-4|1|0|-1|-9|0|17|4|-1|0|2|3|3|-0.875
22|1.2815220593971792|-0.14809281829254162|14|3|17|1|0|2|2|10|2|18|1|0|0|0|6|1|0|0|0|2|2|-5|-1|0|0|0|-2|-2|2|3|-0.75
32|1.134803390593274|-0.04422165703526004|9|1|22|2|3|0|1|13|1|23|2|1|1|1|-4|0|2|0|2|-1|1|4|0|-1|0|-2|1|0|3|3|-0.875
4|3.273096063992282|-0.03693946794130065|8|0|0|0|0|0|0|5|0|3|0|0|0|0|4|0|0|0|0|0|0|-3|0|3|0|0|0|0|1|1|-0.125
14|1.290790557990391|-0.05423108618180672|10|4|10|0|0|0|1|16|1|10|0|0|3|1|-4|3|2|0|0|-1|0|4|-3|2|0|0|3|0|2|2|-0.5
4|4.264994621731307|-2.832181994636781|4|0|2|0|0|0|0|8|0|0|0|0|0|0|0|0|2|0|0|0|0|4|0|-2|0|0|0|0|1|1|0.0
61|1.0203711588052342|-3.395193134205776E-4|0|0|2|2|3|0|2|0|0|7|0|3|0|1|0|0|-3|-1|-1|0|-1|0|0|-3|0|0|0|0|3|3|-0.875
32|1.3133901606594882|-0.0557291523558896|9|0|18|5|1|0|1|7|6|19|4|1|0|5|0|-6|1|3|0|0|-3|-3|6|0|-2|0|0|4|3|3|-0.375
31|1.1792370705194855|-0.039307902350649515|9|3|23|3|0|0|3|15|1|20|4|0|3|1|-2|0|2|0|0|0|0|2|0|2|0|0|1|0|3|2|-0.875
25|1.4516507145864137|-0.0015598813422217361|12|2|20|3|0|0|1|7|1|22|3|2|0|0|-1|0|1|0|0|0|0|0|1|-2|1|0|0|0|2|3|-0.5
50|1.1061427157873052|-0.0021661778732102732|4|2|13|8|4|0|5|5|2|7|7|5|0|2|-2|0|4|1|0|0|3|1|0|-8|-1|1|0|-3|3|3|-0.875
29|1.203204214723868|-0.04297157909728089|8|0|22|5|1|0|0|14|3|27|4|0|0|2|-2|0|2|0|0|0|0|1|0|1|1|0|-1|1|3|3|-0.5
30|1.649420185925041|-0.036677025803383945|11|5|15|3|1|0|4|14|3|17|5|2|1|3|-1|1|-3|-1|0|-1|3|3|-3|2|3|1|1|-1|3|3|-0.875
59|1.0|0.0|1|0|6|4|1|0|0|0|0|7|7|1|0|3|0|0|-1|-1|0|0|0|-1|0|-1|0|0|0|0|3|3|-0.875
5|3.9109796970595596|0.5429457083096647|4|0|2|1|0|0|0|0|1|9|0|0|0|0|0|0|0|0|0|0|0|-1|1|3|0|0|0|0|2|2|0.0
23|1.679454943780353|0.02530059244179239|9|3|16|2|0|0|1|19|3|14|2|0|1|1|0|0|0|0|0|0|0|1|0|1|0|0|0|0|2|2|-0.625
37|1.1498163180233798|0.030173657207678062|7|0|25|7|2|0|3|6|3|23|4|1|0|1|0|0|0|0|0|0|0|0|0|2|0|0|0|0|3|3|-0.875
8|1.2580618877807477|0.13971515567414916|9|0|4|0|0|0|0|10|1|4|0|0|0|0|1|0|0|0|0|0|0|1|1|0|0|0|0|0|2|2|0.0
56|1.0474438258837924|-0.008393770695579894|1|2|10|4|3|0|3|3|0|14|6|1|0|3|-2|2|-3|-3|2|0|0|1|-2|3|2|-2|0|0|3|3|-0.875
48|1.0345177968644244|-0.009547475728457933|4|0|19|10|1|0|4|5|1|19|2|4|0|3|-1|-1|0|9|-3|0|1|0|0|1|-8|3|0|-1|3|3|-0.875
59|1.0789297330422438|-0.0013608574662455908|0|0|8|7|2|0|4|1|0|9|4|2|0|0|-2|0|1|-1|0|0|0|-1|0|-1|0|-1|0|0|3|4|1.0
37|1.199410908141371|-0.00553919189281582|7|3|20|7|1|0|7|9|1|30|5|0|1|2|-1|0|-1|0|0|0|0|0|0|1|-1|0|0|0|3|3|-0.875
38|1.118033720374699|0.0080048605945513|11|1|21|3|0|0|1|9|4|28|6|0|0|7|2|-2|-9|-2|0|0|-6|-2|3|6|3|0|0|6|3|2|-0.5
17|1.3983940608673735|-0.05078797645252919|10|1|16|0|0|0|0|15|1|16|0|0|1|1|-1|0|0|0|0|-1|0|0|1|2|0|0|0|1|2|2|0.0
50|1.0082842712474618|-0.04098539329076467|7|0|20|7|0|2|3|6|0|14|9|0|0|8|1|0|7|-2|0|2|-5|-3|0|-6|2|0|-3|5|3|3|-0.875
5|2.694427190999916|0.07639320225002111|5|0|2|0|0|0|0|12|0|0|0|0|0|0|0|0|0|0|0|0|0|4|0|0|0|0|0|0|1|1|0.0
28|1.527499161759979|-0.004195762940255143|14|4|14|3|1|1|0|13|4|13|9|0|0|3|2|0|0|-4|1|1|-2|-1|0|-2|6|-1|-1|3|3|2|-0.375
52|1.0238969362907553|0.007653267178084899|4|0|19|7|3|0|5|4|1|16|7|0|0|4|0|-1|1|-1|3|0|0|0|1|-3|-1|-4|0|-2|3|4|1.0
39|1.0891976580671558|-0.002347306791240955|10|0|20|5|0|0|1|9|2|27|6|1|0|5|-1|0|1|-1|0|0|0|-1|-1|1|0|1|0|1|3|3|-0.5
32|1.2379459868353293|-0.007675676994687963|13|1|17|8|2|0|2|13|3|22|3|0|2|3|0|-2|-6|6|1|-2|-1|-2|2|6|-5|-2|2|1|3|4|1.0
16|1.548704484022803|-0.06419453642639317|7|2|17|0|0|0|2|15|0|11|2|0|0|0|-6|2|6|-1|0|0|2|7|-2|-5|2|0|0|-2|2|2|-0.375
7|2.43421852509631|-0.6009652333916864|11|0|1|0|0|1|0|8|1|5|0|0|0|0|-1|0|1|0|0|0|0|1|0|2|0|0|0|0|1|2|-0.125
49|1.0709940543799812|-0.001479042799582997|4|2|19|8|2|1|4|3|3|22|5|1|0|4|-1|0|0|0|0|0|0|0|0|0|-1|0|0|1|3|3|-0.875
52|1.094094658211388|-0.00996682785459746|2|1|10|7|2|0|4|3|0|18|7|0|0|1|-2|1|-7|0|1|0|2|1|-1|8|-2|-3|0|-3|3|4|1.0
12|1.7403022509922284|-0.2041568783334755|15|0|7|1|0|0|0|11|1|8|0|0|0|0|5|-1|0|1|0|0|0|-5|0|2|0|0|0|0|2|2|0.0
8|2.0375703849682214|0.028356798933081517|10|1|1|0|0|0|0|8|0|6|1|0|0|0|2|1|-3|0|0|0|0|-2|-1|5|1|0|0|0|2|2|-0.25
